124  80  0.466330159517235  0
120  103  3.43611696486384  0
175  117  3.77972866135022  1
121  125  0.441786466911065  1
121  134  3.43611696486384  0
204  134  3.95153450959341  0
34  142  5.74322406984384  1
72  151  2.7243498792849  0
106  162  0.343611696486384  0
209  165  1.03083508945915  0
23  170  2.30710710498  0
70  176  5.89048622548086  1
99  188  3.04341788316511  1
137  193  3.80427235395639  0
196  202  4.14788405044277  1
89  203  2.65071880146639  0
173  229  1.07992247467149  0
54  231  5.27689391032661  1
110  231  3.14159265358979  1
33  240  1.8162332528566  1
203  255  4.24605882086745  1
113  262  0.98174770424681  0
112  268  1.15355355249  0
234  272  4.14788405044277  1
60  274  1.54625263418873  1
211  277  1.07992247467149  1
35  279  1.79168956025043  1
130  285  4.24605882086745  1
28  292  4.95782590644639  1
110  310  1.17809724509617  1
51  313  1.44807786376405  1
31  318  1.66897109721958  0
103  327  1.32535940073319  0
154  346  4.31968989868597  1
215  349  4.29514620607979  0
69  372  1.27627201552085  0
160  395  4.07425297262426  0
206  395  4.00062189480575  1
182  398  4.02516558741192  1
96  421  4.24605882086745  0
190  421  3.6324665057132  0
211  426  3.6324665057132  0
180  430  3.60792281310703  0
138  440  3.77972866135022  0
54  448  4.14788405044277  0
99  452  3.95153450959341  0
149  464  3.50974804268235  1
149  471  3.28885480922681  0
81  476  3.77972866135022  0
113  483  0.196349540849362  1
176  501  3.23976742401447  1
124  505  3.23976742401447  0
