192  74  3.75518496874405  0
147  86  0.392699081698724  1
111  90  0.0490873852123405  0
146  94  3.33794219443916  0
227  94  3.90244712438107  1
106  98  6.23409792196725  0
94  109  6.08683576633022  0
96  114  2.65071880146639  0
234  115  0.883572933822129  1
134  124  0.294524311274043  0
97  139  5.89048622548086  1
129  151  3.09250526837745  1
164  151  3.68155389092554  0
224  156  4.09879666523043  1
124  169  2.77343726449724  1
204  186  1.00629139685298  0
133  191  2.62617510886022  1
83  195  5.27689391032661  1
63  205  1.88986433067511  1
230  206  4.17242774304894  0
137  220  1.22718463030851  0
140  220  0.760854470791278  0
261  221  4.17242774304894  0
246  229  1.00629139685298  1
145  230  1.00629139685298  0
161  238  4.00062189480575  1
96  241  1.52170894158256  0
69  246  1.61988371200724  0
59  255  4.88419482862788  1
147  270  1.07992247467149  1
84  275  1.37444678594553  1
64  280  1.61988371200724  0
140  286  1.17809724509617  0
254  296  4.17242774304894  0
195  300  4.22151512826128  1
107  331  1.15355355249  0
248  344  3.8779034317749  0
206  347  3.92699081698724  0
228  348  3.90244712438107  1
237  371  3.60792281310703  0
258  374  3.60792281310703  0
227  380  3.53429173528852  0
141  383  4.07425297262426  1
191  392  3.65701019831937  1
96  406  4.00062189480575  0
254  406  3.23976742401447  0
144  407  3.80427235395639  0
201  411  3.3870295796515  0
204  422  3.19068003880213  0
245  431  3.23976742401447  0
106  433  3.60792281310703  1
128  434  3.68155389092554  0
167  435  0.0490873852123405  0
225  450  3.19068003880213  1
259  450  0.0490873852123405  1
177  458  3.19068003880213  0
137  463  3.48520435007618  0
226  471  3.04341788316511  0
