93  103  3.14159265358979  0
239  127  3.82881604656256  1
203  130  0.613592315154257  0
186  146  3.65701019831937  1
81  176  2.94524311274043  0
106  206  0.294524311274043  0
39  239  5.64504929941916  1
240  255  0.883572933822129  1
86  259  2.92069942013426  1
35  265  5.57141822160065  0
197  282  4.07425297262426  0
83  288  0.245436926061703  1
245  289  4.02516558741192  1
26  299  5.49778714378214  1
125  318  3.8779034317749  0
74  320  0.466330159517235  0
18  323  5.62050560681299  1
150  323  3.95153450959341  0
103  341  3.70609758353171  1
55  351  2.79798095710341  0
23  353  5.84139884026852  1
173  355  3.75518496874405  1
230  360  3.68155389092554  0
141  361  3.6324665057132  0
89  365  3.14159265358979  0
20  372  5.9395736106932  0
50  374  6.06229207372405  1
175  388  3.33794219443916  0
124  394  3.33794219443916  0
231  412  3.48520435007618  0
188  430  3.23976742401447  0
47  439  3.04341788316511  1
51  461  0  0
167  493  3.19068003880213  0
