199  98  3.77972866135022  1
76  119  3.14159265358979  0
220  136  3.73064127613788  1
184  142  0.539961237335746  0
168  159  3.55883542789469  1
67  197  2.89615572752809  0
93  226  0.196349540849362  0
29  263  5.64504929941916  1
230  264  0.785398163397448  1
77  281  2.77343726449724  1
27  290  5.52233083638831  0
189  294  3.95153450959341  0
237  298  4.00062189480575  1
81  310  0.294524311274043  1
20  324  5.47324345117597  1
121  338  3.80427235395639  0
146  340  3.8779034317749  0
69  343  0.343611696486384  0
101  362  3.6324665057132  1
226  369  3.55883542789469  0
171  370  3.60792281310703  1
53  376  2.74889357189107  0
139  378  3.53429173528852  0
88  387  3.04341788316511  0
50  398  6.03774838111788  1
177  404  3.28885480922681  0
124  413  3.23976742401447  0
232  420  3.33794219443916  0
193  444  3.19068003880213  0
51  463  2.99433049795277  1
60  484  6.23409792196725  0
174  508  3.09250526837745  0
