127  17  6.08683576633022  0
125  43  2.7243498792849  0
239  43  3.48520435007618  0
167  68  3.04341788316511  0
169  84  0.0490873852123405  0
229  97  3.53429173528852  0
45  104  5.42415606596363  0
132  145  5.79231145505618  0
192  167  0.539961237335746  0
41  168  5.17871913990192  0
271  191  1.10446616727766  0
139  213  5.6941366846315  1
186  223  0.95720401164064  0
137  229  2.13530125673681  0
107  235  5.17871913990192  1
218  261  1.30081570812702  1
159  281  1.91440802328128  0
176  283  1.42353417115788  0
164  293  1.64442740461341  1
129  302  4.98236959905256  1
158  318  1.71805848243192  1
118  320  1.76714586764426  0
222  322  1.42353417115788  0
253  337  1.27627201552085  1
188  344  1.54625263418873  1
205  350  1.52170894158256  0
269  350  4.31968989868597  0
263  379  4.36877728389831  0
165  404  4.85965113602171  0
127  421  5.05600067687107  1
241  426  1.17809724509617  0
218  428  1.47262155637022  0
260  433  1.00629139685298  0
78  439  5.32598129553895  0
205  444  1.76714586764426  0
221  456  1.3989904785517  1
241  464  1.07992247467149  0
253  490  4.07425297262426  1
230  493  5.52233083638831  1
188  502  5.25235021772044  1
208  510  5.62050560681299  0
144  511  5.4486997585698  0
116  532  5.9395736106932  0
