106  34  2.77343726449724  1
215  37  3.43611696486384  0
146  66  3.04341788316511  0
144  83  0  0
211  95  3.43611696486384  0
23  100  5.4486997585698  0
94  114  2.42982556801086  0
73  132  5.57141822160065  0
110  151  5.71868037723767  0
18  164  5.2032628325081  0
170  169  0.417242774304894  0
252  185  1.07992247467149  0
115  220  5.6941366846315  1
164  225  0.9081166264283  0
112  233  2.23347602716149  0
81  235  5.32598129553895  1
197  256  1.32535940073319  1
134  279  2.11075756413064  0
138  290  1.79168956025043  1
91  295  1.76714586764426  0
99  298  5.05600067687107  1
131  305  1.79168956025043  1
198  316  1.47262155637022  0
227  336  1.22718463030851  0
161  340  1.66897109721958  1
246  342  4.36877728389831  0
177  344  1.52170894158256  0
247  390  4.31968989868597  0
133  395  4.90873852123405  0
93  412  5.10508806208341  1
213  418  1.22718463030851  0
188  419  1.52170894158256  0
233  425  1.00629139685298  0
45  428  5.32598129553895  0
173  435  1.8162332528566  0
190  446  1.44807786376405  1
211  456  1.07992247467149  0
223  482  4.07425297262426  1
199  483  5.54687452899448  1
154  492  5.27689391032661  1
170  499  5.52233083638831  1
109  500  5.49778714378214  0
81  520  5.9395736106932  0
