168  138  0.490873852123405  0
191  143  3.68155389092554  0
217  151  0.589048622548086  1
54  157  6.13592315154256  0
197  187  0.834485548609789  0
161  192  3.6324665057132  1
132  200  0.466330159517235  0
99  240  0.245436926061703  0
139  266  0.95720401164064  0
37  267  2.28256341237383  0
67  275  5.9395736106932  0
187  289  1.17809724509617  0
126  293  1.17809724509617  0
165  303  1.22718463030851  0
114  313  1.3989904785517  1
91  320  2.08621387152447  0
160  323  1.37444678594553  0
135  333  4.51603943953533  1
92  337  1.61988371200724  0
81  339  1.91440802328128  1
29  365  1.96349540849362  0
183  381  1.52170894158256  0
199  406  1.8162332528566  0
194  426  4.95782590644639  0
217  431  2.99433049795277  0
42  437  5.27689391032661  0
164  442  5.05600067687107  0
181  445  5.35052498814512  1
98  457  2.23347602716149  0
159  474  5.42415606596363  0
59  485  2.33165079758617  0
42  491  5.42415606596363  0
62  491  5.27689391032661  0
90  496  5.35052498814512  0
174  497  5.64504929941916  0
98  509  5.42415606596363  0
120  509  5.47324345117597  0
205  534  5.86594253287469  0
132  546  5.59596191420682  1
