97  146  3.14159265358979  0
191  207  0.392699081698724  0
216  211  3.58337912050086  0
238  213  0.368155389092554  1
80  235  6.03774838111788  0
224  251  0.662679700366597  0
189  260  3.50974804268235  1
160  270  0.343611696486384  0
130  312  0.098174770424681  0
167  332  0.785398163397448  1
71  344  2.20893233455532  0
103  348  5.89048622548086  0
225  350  1.03083508945915  0
27  356  2.03712648631213  0
164  361  1.07992247467149  0
203  365  1.07992247467149  0
202  386  1.22718463030851  0
152  394  4.14788405044277  1
136  397  1.30081570812702  1
181  397  4.31968989868597  0
19  398  5.05600067687107  0
125  400  1.8162332528566  1
75  433  1.96349540849362  0
232  436  1.42353417115788  0
232  492  5.12963175468958  0
217  495  5.05600067687107  0
92  503  5.25235021772044  0
150  514  2.11075756413064  0
212  529  5.35052498814512  0
