171  151  6.18501053675491  0
87  225  2.50345664582937  0
191  239  0.0245436926061703  1
210  283  0.539961237335746  0
115  302  5.52233083638831  0
249  304  0.785398163397448  0
57  307  2.28256341237383  0
242  318  1.00629139685298  0
141  330  5.57141822160065  1
191  355  1.66897109721958  0
183  357  2.15984494934298  1
203  363  1.49716524897639  1
232  366  1.22718463030851  1
245  398  1.49716524897639  1
164  419  5.35052498814512  1
259  427  1.91440802328128  0
45  433  5.57141822160065  0
127  447  5.64504929941916  0
56  453  5.84139884026852  1
239  459  5.4486997585698  0
190  508  5.81685514766235  0
118  512  6.03774838111788  0
92  513  5.9395736106932  0
