146  74  6.23409792196725  0
183  97  3.09250526837745  1
180  108  0.098174770424681  0
202  120  3.28885480922681  0
117  135  6.03774838111788  0
225  164  0.417242774304894  0
225  194  3.3870295796515  0
41  219  2.35619449019234  0
141  221  6.08683576633022  1
171  260  0.392699081698724  0
212  275  0.638136007760427  0
206  289  0.859029241215959  0
79  295  5.37506868075129  0
24  304  2.20893233455532  0
110  318  5.39961237335746  1
163  334  1.52170894158256  0
155  337  1.93895171588745  1
205  339  1.15355355249  1
177  341  1.42353417115788  1
253  361  1.03083508945915  0
221  368  1.37444678594553  1
238  395  1.71805848243192  0
145  403  5.22780652511427  1
250  404  1.47262155637022  1
222  431  5.35052498814512  0
112  436  5.49778714378214  0
43  451  5.76776776245001  1
181  487  5.66959299202533  0
113  501  5.89048622548086  0
87  506  5.81685514766235  0
171  520  5.96411730329937  1
