141  28  2.65071880146639  0
173  47  5.9395736106932  1
71  48  2.30710710498  0
104  68  5.57141822160065  0
44  72  5.37506868075129  1
175  83  2.67526249407256  0
235  87  0.441786466911065  1
43  111  2.11075756413064  0
49  124  5.27689391032661  1
212  125  3.06796157577128  1
64  130  1.98803910109979  1
256  144  0.834485548609789  0
186  158  6.03774838111788  1
163  163  5.54687452899448  0
129  184  5.35052498814512  1
164  187  5.6941366846315  1
215  192  0.93266031903447  0
35  200  5.17871913990192  0
193  205  0.760854470791278  1
209  223  1.52170894158256  0
164  224  5.66959299202533  1
261  234  1.5707963267949  1
167  241  2.03712648631213  1
175  243  1.76714586764426  0
180  247  1.66897109721958  0
202  261  4.81056375080937  0
176  274  4.90873852123405  0
55  279  5.12963175468958  0
22  286  5.00691329165873  0
255  309  1.76714586764426  0
201  310  1.96349540849362  1
99  316  5.10508806208341  1
123  325  2.13530125673681  1
171  367  2.11075756413064  1
38  375  5.52233083638831  0
73  406  5.64504929941916  0
208  408  2.11075756413064  0
138  422  5.37506868075129  0
73  427  5.81685514766235  0
177  427  5.27689391032661  0
188  436  5.37506868075129  0
108  437  5.66959299202533  0
205  444  5.32598129553895  0
118  466  5.79231145505618  0
152  467  5.74322406984384  0
