102  84  2.7243498792849  0
140  96  6.18501053675491  0
62  119  5.71868037723767  0
131  138  2.74889357189107  0
194  148  0.613592315154257  1
20  178  2.13530125673681  1
160  182  3.04341788316511  0
209  204  0.93266031903447  0
136  205  6.23409792196725  1
114  207  5.74322406984384  0
259  219  1.03083508945915  0
78  228  5.32598129553895  0
113  233  5.74322406984384  1
167  242  1.10446616727766  0
142  250  0.809941856003619  1
275  261  1.10446616727766  0
110  270  5.59596191420682  1
131  273  1.42353417115788  0
123  286  1.71805848243192  0
128  289  1.61988371200724  0
208  294  1.5707963267949  1
120  306  1.79168956025043  1
257  312  1.47262155637022  0
128  328  4.81056375080937  1
268  328  1.22718463030851  1
109  338  5.00691329165873  0
242  361  1.52170894158256  1
152  365  1.91440802328128  1
53  368  5.08054436947724  1
205  368  1.71805848243192  0
76  377  2.0616701789183  1
267  380  1.30081570812702  1
126  422  2.08621387152447  1
254  430  1.37444678594553  1
165  469  2.08621387152447  0
95  480  5.32598129553895  0
241  485  5.17871913990192  0
135  486  5.27689391032661  0
208  494  5.17871913990192  0
66  497  5.62050560681299  0
146  498  5.32598129553895  0
193  501  5.15417544729575  0
164  503  5.32598129553895  0
224  504  5.79231145505618  0
79  527  5.74322406984384  0
113  528  5.71868037723767  0
