159  48  0.809941856003619  0
146  62  3.80427235395639  0
181  77  3.90244712438107  1
104  80  3.46066065747001  1
163  96  0.859029241215959  0
48  101  2.84706834231575  1
150  106  0.95720401164064  0
112  113  0.785398163397448  1
18  125  5.89048622548086  0
73  139  3.19068003880213  1
144  157  4.24605882086745  1
64  162  2.84706834231575  0
181  166  4.17242774304894  1
170  167  1.15355355249  0
75  189  2.79798095710341  1
22  199  2.0616701789183  0
107  208  4.24605882086745  0
76  210  1.71805848243192  0
237  217  1.17809724509617  0
207  219  1.27627201552085  0
81  220  1.52170894158256  0
57  226  1.52170894158256  0
91  231  1.61988371200724  1
107  244  1.61988371200724  1
86  247  4.71238898038469  1
145  253  1.49716524897639  1
77  257  4.56512682474767  0
18  262  1.42353417115788  0
121  265  1.66897109721958  1
167  267  1.47262155637022  0
203  270  1.37444678594553  0
244  282  1.15355355249  0
86  300  2.82252464970958  1
121  320  1.86532063806894  0
102  330  2.0616701789183  0
82  333  2.57708772364788  0
235  356  1.52170894158256  0
65  359  2.92069942013426  1
268  362  1.22718463030851  0
44  365  3.60792281310703  0
100  382  2.20893233455532  0
226  383  4.71238898038469  0
241  392  1.76714586764426  0
101  395  5.2032628325081  0
117  395  2.28256341237383  1
135  438  5.47324345117597  1
187  441  5.4486997585698  0
229  446  5.37506868075129  0
77  460  5.81685514766235  0
243  460  5.74322406984384  0
177  473  5.81685514766235  0
77  477  5.98866099590554  0
203  511  5.89048622548086  1
