199  102  0.613592315154257  0
188  116  3.6324665057132  0
227  128  3.75518496874405  1
150  139  3.31339850183298  1
211  148  0.711767085578938  0
203  161  0.834485548609789  0
97  162  2.79798095710341  0
164  169  0.613592315154257  1
32  187  2.50345664582937  0
75  189  5.81685514766235  0
122  192  2.94524311274043  0
203  208  4.04970928001809  1
44  211  2.28256341237383  0
240  214  4.07425297262426  1
229  217  1.00629139685298  0
124  219  2.74889357189107  0
133  238  2.60163141625405  0
85  258  1.96349540849362  0
170  260  4.17242774304894  0
271  264  1.17809724509617  0
145  271  1.42353417115788  0
122  280  1.47262155637022  0
153  282  1.5707963267949  0
173  295  1.49716524897639  1
149  297  4.56512682474767  0
20  302  1.66897109721958  0
218  307  1.52170894158256  0
143  308  4.51603943953533  0
235  314  1.42353417115788  0
271  314  1.27627201552085  0
189  315  1.61988371200724  1
86  319  1.32535940073319  0
149  322  4.90873852123405  0
144  326  4.27060251347362  0
156  351  2.7243498792849  1
192  366  1.76714586764426  0
174  377  1.98803910109979  0
156  380  2.40528187540469  0
137  412  2.87161203492192  1
119  419  3.48520435007618  0
13  426  1.03083508945915  0
176  428  2.11075756413064  0
54  434  0.785398163397448  0
192  443  2.25801971976766  1
174  446  5.2032628325081  0
55  448  4.07425297262426  0
42  460  3.82881604656256  0
30  466  3.55883542789469  1
82  472  3.41157327225767  1
209  487  5.47324345117597  1
260  491  5.47324345117597  0
153  511  5.79231145505618  0
104  523  2.99433049795277  0
152  529  5.89048622548086  0
