117  128  0.294524311274043  0
183  146  3.75518496874405  0
122  161  3.3870295796515  0
92  190  2.94524311274043  0
88  198  6.23409792196725  0
226  201  3.77972866135022  0
180  205  0.539961237335746  0
133  213  3.33794219443916  0
167  228  0.564504929941916  0
230  232  3.73064127613788  1
241  268  3.80427235395639  0
57  286  2.7243498792849  0
117  320  2.94524311274043  0
235  336  0.859029241215959  1
38  357  2.20893233455532  0
135  367  3.33794219443916  0
64  382  2.11075756413064  0
82  406  1.8162332528566  0
130  416  1.07992247467149  0
26  431  1.91440802328128  0
205  449  4.1233403578366  1
158  501  3.97607820219958  0
