176  62  0.466330159517235  0
64  135  2.57708772364788  0
130  155  2.79798095710341  0
248  165  0.809941856003619  1
151  199  3.14159265358979  0
57  205  2.11075756413064  0
86  224  1.96349540849362  0
106  247  1.66897109721958  0
152  248  1.05537878206532  0
34  269  1.8162332528566  0
55  276  1.5707963267949  0
224  278  4.1233403578366  1
52  325  1.22718463030851  0
237  326  3.92699081698724  0
186  334  3.95153450959341  0
43  337  1.79168956025043  1
45  349  1.3989904785517  1
247  350  3.53429173528852  0
163  361  3.80427235395639  1
45  365  0.196349540849362  0
250  367  3.28885480922681  0
169  375  3.55883542789469  0
128  377  3.75518496874405  1
238  382  3.23976742401447  0
116  390  3.68155389092554  0
93  391  3.48520435007618  0
168  391  3.3870295796515  0
245  403  3.04341788316511  1
141  411  3.33794219443916  0
198  413  3.16613634619596  1
102  419  3.23976742401447  0
121  441  3.06796157577128  1
205  457  3.04341788316511  0
