133  37  0.343611696486384  0
179  48  3.75518496874405  0
48  74  2.67526249407256  0
202  88  3.85335973916873  0
34  96  5.74322406984384  1
87  101  2.89615572752809  0
148  103  3.55883542789469  1
27  107  2.74889357189107  0
48  112  5.98866099590554  0
196  137  0.809941856003619  1
92  220  2.50345664582937  0
50  237  2.0616701789183  0
28  245  2.13530125673681  0
208  248  1.07992247467149  0
195  256  4.19697143565511  1
231  275  4.17242774304894  0
254  290  1.00629139685298  0
39  292  1.98803910109979  0
54  307  1.8162332528566  0
178  307  4.17242774304894  1
108  316  1.91440802328128  0
21  323  1.96349540849362  0
119  330  1.03083508945915  0
33  357  1.47262155637022  0
227  357  4.14788405044277  0
72  361  4.51603943953533  1
153  370  4.09879666523043  1
189  374  4.14788405044277  1
26  377  1.27627201552085  0
54  403  4.09879666523043  1
224  414  3.92699081698724  0
155  415  3.75518496874405  1
78  430  3.95153450959341  0
221  430  3.60792281310703  0
186  440  3.65701019831937  1
134  442  3.48520435007618  0
186  450  3.33794219443916  0
70  453  3.73064127613788  1
221  463  3.28885480922681  0
77  483  3.48520435007618  0
174  490  3.14159265358979  0
143  499  3.09250526837745  0
49  517  3.26431111662064  1
