82  25  5.89048622548086  1
187  29  0.294524311274043  0
102  68  2.65071880146639  0
88  90  5.71868037723767  1
148  90  2.94524311274043  0
211  95  3.60792281310703  1
36  101  5.62050560681299  0
81  101  2.74889357189107  0
106  101  5.98866099590554  0
41  112  5.79231145505618  0
45  120  5.86594253287469  1
255  128  0.809941856003619  1
146  209  2.52800033843554  0
62  213  2.33165079758617  0
103  223  2.11075756413064  0
81  229  2.15984494934298  0
248  247  4.17242774304894  1
266  247  1.07992247467149  0
89  278  2.0616701789183  0
103  293  1.86532063806894  0
228  301  4.22151512826128  1
155  308  1.91440802328128  0
68  309  1.98803910109979  0
166  323  1.03083508945915  0
80  341  1.52170894158256  0
117  345  4.63875790256618  1
277  353  4.14788405044277  0
69  357  1.61988371200724  1
199  365  4.14788405044277  1
63  369  1.76714586764426  1
235  369  4.19697143565511  1
27  382  5.49778714378214  1
98  388  4.19697143565511  1
50  391  0.245436926061703  0
269  408  3.92699081698724  0
199  409  3.77972866135022  1
127  418  4.00062189480575  1
33  419  6.23409792196725  0
69  423  3.3870295796515  0
266  425  3.6324665057132  0
175  434  3.55883542789469  0
230  434  3.68155389092554  1
105  440  3.73064127613788  0
227  443  3.33794219443916  0
114  468  3.55883542789469  0
214  482  3.14159265358979  0
35  489  0.098174770424681  0
181  490  3.19068003880213  0
86  502  3.33794219443916  1
121  519  3.23976742401447  0
