165  38  5.98866099590554  0
129  48  2.45436926061703  1
67  61  5.35052498814512  0
103  66  5.57141822160065  0
199  78  0.0245436926061703  1
223  128  0.466330159517235  0
214  177  0.785398163397448  1
185  190  0.269980618667873  1
284  195  1.25172832291468  1
155  197  5.35052498814512  1
188  202  1.00629139685298  0
90  214  1.86532063806894  0
117  218  1.8162332528566  1
191  219  1.5707963267949  0
159  244  1.37444678594553  1
141  245  1.52170894158256  0
226  248  1.66897109721958  1
187  251  4.68784528777852  1
62  260  1.86532063806894  0
238  270  1.76714586764426  1
207  271  2.23347602716149  1
129  282  1.42353417115788  0
113  286  1.52170894158256  1
253  290  1.5707963267949  0
171  299  0.711767085578938  0
278  304  1.52170894158256  1
111  321  1.32535940073319  1
76  323  1.76714586764426  0
249  339  1.91440802328128  1
101  340  1.42353417115788  1
241  351  2.23347602716149  1
197  362  6.03774838111788  0
95  365  1.5707963267949  0
247  365  5.0314569842649  1
95  390  1.47262155637022  1
168  392  3.60792281310703  0
250  392  5.27689391032661  0
143  393  3.77972866135022  1
55  404  5.4486997585698  1
282  406  5.32598129553895  1
83  409  6.13592315154256  0
109  410  3.09250526837745  1
129  421  3.31339850183298  1
85  423  6.01320468851171  1
126  431  0.294524311274043  0
48  440  5.74322406984384  0
246  446  5.98866099590554  0
222  488  3.23976742401447  1
172  491  0.0490873852123405  0
165  518  3.3870295796515  1
