115  32  6.08683576633022  0
77  47  2.50345664582937  0
51  66  5.47324345117597  1
147  70  0.0245436926061703  1
170  118  0.490873852123405  0
160  166  0.711767085578938  1
110  186  5.52233083638831  0
141  186  0.760854470791278  0
233  188  1.25172832291468  1
260  193  1.25172832291468  1
38  209  1.8162332528566  0
133  209  1.66897109721958  0
140  209  1.52170894158256  0
65  212  1.76714586764426  1
175  229  1.5707963267949  1
258  235  1.27627201552085  1
90  237  1.47262155637022  0
108  237  1.27627201552085  1
137  242  4.63875790256618  1
12  252  1.8162332528566  0
189  258  1.76714586764426  1
158  259  2.13530125673681  1
79  273  1.42353417115788  0
63  278  1.49716524897639  1
204  279  1.5707963267949  0
122  291  0.662679700366597  0
229  295  1.54625263418873  1
63  314  1.37444678594553  1
26  321  1.71805848243192  0
201  328  1.91440802328128  1
268  329  1.27627201552085  0
52  333  1.32535940073319  1
256  333  1.52170894158256  0
193  340  2.15984494934298  1
148  352  6.08683576633022  0
199  357  5.0314569842649  1
277  359  1.22718463030851  1
47  360  1.52170894158256  0
203  383  5.27689391032661  0
48  385  1.42353417115788  1
124  385  3.55883542789469  0
91  387  3.75518496874405  0
262  395  5.27689391032661  1
235  397  5.39961237335746  1
37  405  6.08683576633022  0
64  405  3.09250526837745  1
39  418  6.03774838111788  1
79  418  3.09250526837745  0
80  426  0.196349540849362  0
202  436  5.98866099590554  0
179  479  3.16613634619596  1
129  483  0.0490873852123405  0
212  500  6.18501053675491  0
122  510  3.31339850183298  1
157  528  3.23976742401447  0
