135  110  0.0490873852123405  0
92  122  2.79798095710341  0
109  126  6.08683576633022  1
137  126  3.09250526837745  0
79  154  2.60163141625405  0
136  157  0.0245436926061703  1
213  161  3.55883542789469  0
129  200  0.098174770424681  0
189  233  0.760854470791278  1
60  241  2.40528187540469  0
140  242  3.2152237314083  1
250  268  1.17809724509617  0
226  272  4.14788405044277  0
121  275  0.0490873852123405  0
105  299  2.28256341237383  0
182  311  1.42353417115788  0
161  328  1.5707963267949  0
154  330  4.51603943953533  1
123  336  2.18438864194915  0
143  347  1.96349540849362  1
100  360  5.35052498814512  1
173  370  1.71805848243192  0
185  371  1.47262155637022  0
122  376  2.38073818279852  1
144  384  2.28256341237383  1
61  392  5.35052498814512  0
157  392  1.98803910109979  0
96  395  5.54687452899448  0
121  416  5.4486997585698  0
170  419  1.96349540849362  0
173  430  1.71805848243192  0
50  436  5.74322406984384  0
79  439  5.79231145505618  0
125  447  5.54687452899448  0
170  455  3.80427235395639  1
18  456  5.9395736106932  0
197  456  4.31968989868597  0
108  474  5.79231145505618  0
27  475  6.03774838111788  0
133  491  6.03774838111788  0
216  494  4.14788405044277  0
56  499  6.23409792196725  0
176  515  3.28885480922681  0
29  516  0.147262155637022  0
103  525  6.23409792196725  0
