139  126  6.18501053675491  0
143  142  2.89615572752809  0
99  144  2.60163141625405  0
114  146  5.96411730329937  1
227  166  3.43611696486384  0
150  167  6.23409792196725  0
90  179  2.40528187540469  0
149  215  0  0
212  239  0.638136007760427  1
165  255  3.01887419055894  1
87  268  2.20893233455532  0
254  274  4.00062189480575  0
29  285  5.25235021772044  1
152  292  6.13592315154256  0
141  317  2.13530125673681  0
217  318  1.27627201552085  0
262  319  1.10446616727766  0
185  328  3.82881604656256  0
200  339  1.42353417115788  0
163  352  1.96349540849362  0
184  360  1.74260217503809  1
228  377  1.32535940073319  0
218  379  1.5707963267949  0
39  387  5.17871913990192  0
163  390  2.13530125673681  0
144  391  5.25235021772044  0
206  402  1.8162332528566  0
193  403  2.08621387152447  0
112  418  5.2032628325081  0
145  418  5.27689391032661  0
222  425  1.71805848243192  0
174  434  5.25235021772044  0
228  434  1.37444678594553  1
45  457  5.37506868075129  0
138  462  5.57141822160065  0
108  464  5.57141822160065  0
181  465  5.42415606596363  0
226  466  5.64504929941916  1
48  481  5.6941366846315  1
79  489  5.81685514766235  0
171  492  5.64504929941916  0
37  499  5.89048622548086  0
91  507  5.86594253287469  0
195  509  5.79231145505618  0
124  527  6.03774838111788  0
172  546  6.08683576633022  0
