115  71  0.466330159517235  0
108  103  3.48520435007618  0
74  104  0.294524311274043  0
183  104  3.77972866135022  1
246  116  3.85335973916873  0
77  135  3.41157327225767  1
68  160  0.343611696486384  0
71  169  3.48520435007618  0
198  187  3.85335973916873  0
239  201  0.785398163397448  0
106  253  3.60792281310703  0
22  267  2.84706834231575  0
210  276  1.07992247467149  0
171  278  1.10446616727766  0
84  279  0.662679700366597  0
31  297  0.245436926061703  0
268  314  0.736310778185108  0
87  318  1.10446616727766  1
116  327  1.22718463030851  0
28  345  1.59534001940107  1
234  347  0.95720401164064  1
221  379  1.15355355249  0
65  386  1.66897109721958  0
154  413  1.47262155637022  0
97  416  1.61988371200724  1
248  419  1.07992247467149  0
127  421  1.61988371200724  0
31  432  2.0616701789183  1
46  437  1.93895171588745  1
189  466  1.30081570812702  1
54  525  2.20893233455532  0
