183  35  0.417242774304894  0
245  64  3.60792281310703  0
176  66  3.3870295796515  0
144  70  0.196349540849362  0
148  100  3.36248588704533  1
141  125  0.294524311274043  0
145  134  3.43611696486384  0
272  146  3.77972866135022  0
184  216  3.60792281310703  0
102  232  2.94524311274043  0
251  241  1.03083508945915  0
165  243  0.638136007760427  0
114  260  0.245436926061703  0
171  282  1.10446616727766  1
200  291  1.15355355249  0
112  295  1.15355355249  1
112  307  1.5707963267949  1
152  343  1.61988371200724  0
89  351  4.85965113602171  0
83  371  5.0314569842649  1
186  371  1.64442740461341  1
243  372  1.42353417115788  0
217  376  1.61988371200724  0
117  380  2.25801971976766  1
74  381  4.98236959905256  1
134  384  2.0616701789183  1
58  407  4.22151512826128  0
44  414  0.490873852123405  1
67  417  5.52233083638831  1
276  424  1.3989904785517  1
91  465  2.60163141625405  0
126  476  2.42982556801086  0
107  515  5.71868037723767  0
