150  107  0.0490873852123405  0
190  117  3.36248588704533  1
83  135  5.89048622548086  1
117  145  2.79798095710341  0
163  173  0.294524311274043  0
101  180  2.38073818279852  1
127  185  2.84706834231575  0
107  191  5.79231145505618  1
167  201  3.23976742401447  0
19  213  5.2032628325081  0
63  214  5.4486997585698  0
213  238  0.760854470791278  0
87  241  5.54687452899448  0
234  248  3.85335973916873  0
217  253  3.82881604656256  1
129  284  2.30710710498  0
223  291  0.95720401164064  0
92  313  5.17871913990192  0
221  313  4.02516558741192  1
204  337  3.8779034317749  1
162  342  2.69980618667873  1
75  345  1.8162332528566  1
143  347  5.86594253287469  0
201  363  3.90244712438107  0
140  366  1.79168956025043  1
37  373  1.96349540849362  0
206  382  1.03083508945915  0
183  396  1.00629139685298  1
177  413  1.5707963267949  0
59  418  5.05600067687107  0
183  421  1.15355355249  0
168  438  4.44240836171682  1
204  455  4.04970928001809  0
134  464  4.36877728389831  0
186  468  3.85335973916873  1
121  470  5.62050560681299  1
157  471  3.92699081698724  0
191  485  3.46066065747001  1
213  487  3.53429173528852  1
