139  129  0.098174770424681  0
180  142  3.41157327225767  1
81  162  5.91502991808703  1
105  166  2.84706834231575  0
146  195  0.294524311274043  0
88  202  2.45436926061703  1
114  208  2.84706834231575  0
94  214  5.79231145505618  1
157  224  3.23976742401447  0
248  227  3.95153450959341  0
52  231  5.47324345117597  0
200  260  0.736310778185108  0
76  261  5.62050560681299  0
230  273  3.85335973916873  1
206  277  3.85335973916873  1
117  306  2.30710710498  0
211  313  0.93266031903447  0
80  333  5.2032628325081  0
209  335  4.00062189480575  1
184  352  3.80427235395639  1
140  361  2.23347602716149  0
63  367  1.8162332528566  1
127  384  5.30143760293278  1
188  385  3.8779034317749  0
26  390  1.86532063806894  0
128  401  1.71805848243192  0
197  408  0.9081166264283  0
256  409  0.93266031903447  0
170  418  0.883572933822129  1
166  434  1.47262155637022  0
252  434  4.07425297262426  1
49  438  5.00691329165873  0
173  442  1.03083508945915  0
159  457  4.34423359129214  1
242  468  4.07425297262426  0
234  473  3.97607820219958  1
198  474  3.92699081698724  0
128  484  4.29514620607979  0
181  487  3.77972866135022  1
115  489  5.54687452899448  1
149  489  3.92699081698724  0
187  503  3.41157327225767  1
210  504  3.46066065747001  1
178  538  3.14159265358979  1
