219  42  0.122718463030851  1
92  64  2.38073818279852  0
137  72  5.9395736106932  1
155  112  5.98866099590554  0
32  160  1.98803910109979  0
245  164  0.834485548609789  0
273  181  4.00062189480575  0
107  193  5.35052498814512  0
238  196  1.10446616727766  0
155  207  2.33165079758617  0
38  217  1.76714586764426  0
111  217  5.25235021772044  0
267  224  1.22718463030851  0
136  228  5.37506868075129  0
171  228  2.45436926061703  1
121  230  5.17871913990192  0
187  236  1.52170894158256  0
171  237  1.86532063806894  0
174  253  1.71805848243192  0
165  257  2.01258279370596  1
10  264  1.71805848243192  0
41  264  1.44807786376405  1
228  264  1.66897109721958  0
117  269  5.30143760293278  0
107  279  4.81056375080937  1
151  283  5.2032628325081  1
117  284  5.4486997585698  0
23  285  1.61988371200724  0
67  289  1.22718463030851  1
165  289  5.22780652511427  1
203  289  1.96349540849362  1
118  296  5.54687452899448  0
108  300  4.66330159517235  0
86  320  4.17242774304894  0
105  325  4.00062189480575  1
137  330  2.67526249407256  1
89  331  3.95153450959341  0
202  336  2.13530125673681  0
89  341  3.58337912050086  1
218  355  2.08621387152447  1
250  359  1.86532063806894  0
100  365  6.03774838111788  1
60  379  3.53429173528852  1
90  385  0.220893233455532  1
165  412  5.89048622548086  0
246  416  5.27689391032661  0
214  421  5.49778714378214  0
141  430  6.23409792196725  0
