225  62  0.294524311274043  1
96  75  2.4789129532232  0
140  84  6.06229207372405  1
157  122  6.03774838111788  0
133  167  5.66959299202533  0
284  167  0.9081166264283  1
33  170  2.0616701789183  0
244  181  1.00629139685298  0
269  205  4.17242774304894  0
134  209  5.57141822160065  0
235  213  1.17809724509617  0
110  223  5.2032628325081  0
37  227  1.76714586764426  0
183  245  1.61988371200724  0
261  248  1.32535940073319  0
168  263  1.76714586764426  0
111  275  5.2032628325081  1
220  281  1.71805848243192  0
43  282  1.47262155637022  0
105  285  4.93328221384022  1
115  290  5.37506868075129  0
20  295  1.66897109721958  0
161  295  5.15417544729575  1
65  301  1.20264093770234  1
195  302  1.91440802328128  1
114  306  5.49778714378214  0
107  310  4.66330159517235  0
83  332  4.24605882086745  0
102  334  4.02516558741192  1
132  340  2.62617510886022  1
86  342  3.97607820219958  0
86  353  3.58337912050086  1
192  355  2.13530125673681  0
207  376  2.13530125673681  1
96  378  6.11137945893639  1
236  384  1.91440802328128  0
48  397  3.53429173528852  0
82  401  0.269980618667873  1
150  434  5.9395736106932  0
230  441  5.27689391032661  0
197  445  5.54687452899448  0
126  451  0.0490873852123405  0
239  470  5.81685514766235  0
