171  90  3.19068003880213  1
101  108  5.89048622548086  0
169  110  0.245436926061703  0
134  118  2.82252464970958  1
38  147  2.38073818279852  1
142  163  6.25864161457342  1
65  171  5.49778714378214  1
88  176  2.30710710498  0
163  206  3.2152237314083  1
45  214  2.25801971976766  1
134  245  6.03774838111788  0
96  249  5.2032628325081  0
107  256  5.32598129553895  0
68  270  5.17871913990192  0
103  289  5.39961237335746  1
104  309  5.4486997585698  1
147  311  2.45436926061703  1
26  316  5.4486997585698  0
156  321  1.27627201552085  1
199  328  3.85335973916873  0
148  340  5.66959299202533  1
251  343  3.65701019831937  0
84  355  5.74322406984384  0
236  363  3.53429173528852  0
137  366  5.98866099590554  0
191  372  3.41157327225767  1
119  378  6.03774838111788  0
50  409  6.03774838111788  0
176  469  0  0
68  495  3.09250526837745  0
