203  99  0.245436926061703  0
132  104  5.81685514766235  0
171  109  2.79798095710341  1
53  120  5.47324345117597  1
76  147  2.28256341237383  1
179  154  6.23409792196725  1
103  168  5.35052498814512  1
126  169  2.23347602716149  0
202  196  3.19068003880213  1
87  210  2.20893233455532  1
175  235  6.03774838111788  0
136  242  5.17871913990192  0
148  247  5.27689391032661  0
110  263  5.12963175468958  0
43  265  2.23347602716149  1
146  279  5.37506868075129  1
189  301  2.42982556801086  1
144  302  5.39961237335746  1
71  311  5.37506868075129  0
198  312  1.22718463030851  1
241  318  3.85335973916873  0
192  329  5.66959299202533  1
129  346  5.66959299202533  0
180  357  5.9395736106932  0
58  359  5.79231145505618  0
232  362  3.41157327225767  1
162  369  6.03774838111788  0
96  401  5.98866099590554  0
67  446  6.13592315154256  0
220  460  0  0
110  489  3.04341788316511  0
102  505  6.01320468851171  1
117  517  6.18501053675491  0
98  531  0.294524311274043  1
89  539  3.48520435007618  0
