44  91  5.42415606596363  1
70  99  5.57141822160065  1
25  103  2.18438864194915  0
134  112  6.13592315154256  0
209  121  3.70609758353171  1
261  144  0.9081166264283  1
243  177  4.07425297262426  1
134  179  5.84139884026852  1
245  189  1.15355355249  0
187  204  1.12900985988383  1
142  216  6.16046684414874  1
55  221  1.96349540849362  0
85  243  1.86532063806894  0
259  247  1.17809724509617  0
60  248  5.00691329165873  0
245  248  1.22718463030851  0
129  265  5.00691329165873  1
65  267  1.86532063806894  0
168  269  1.84077694546277  1
186  271  1.61988371200724  1
243  271  1.25172832291468  1
93  278  1.74260217503809  1
129  280  4.39332097650448  1
197  281  1.49716524897639  1
108  287  1.12900985988383  0
224  299  1.34990309333936  1
257  308  4.29514620607979  1
146  315  2.79798095710341  0
254  318  1.17809724509617  0
114  335  3.2152237314083  1
232  337  1.52170894158256  0
204  342  1.86532063806894  0
165  345  2.28256341237383  0
121  351  2.77343726449724  1
70  356  5.12963175468958  1
92  370  5.86594253287469  0
152  372  5.37506868075129  0
69  378  5.39961237335746  1
162  381  2.4789129532232  0
25  383  5.4486997585698  0
263  389  1.3989904785517  1
67  395  5.84139884026852  1
106  403  5.9395736106932  1
227  404  5.27689391032661  0
20  408  5.54687452899448  0
142  412  5.76776776245001  1
185  413  5.4486997585698  0
33  415  5.71868037723767  0
222  433  5.64504929941916  0
132  443  6.16046684414874  1
170  445  5.86594253287469  1
157  447  2.9697868053466  1
229  448  5.89048622548086  0
23  456  5.81685514766235  0
55  457  6.18501053675491  1
38  490  6.08683576633022  0
250  491  6.18501053675491  0
149  525  6.23409792196725  0
