32  88  5.62050560681299  1
55  104  5.6941366846315  1
117  127  6.18501053675491  0
191  145  3.82881604656256  1
240  174  1.05537878206532  1
110  195  5.89048622548086  1
159  224  1.25172832291468  1
24  228  2.0616701789183  0
112  232  0  1
273  234  4.1233403578366  1
265  240  1.03083508945915  0
29  250  5.12963175468958  0
54  253  1.96349540849362  0
112  258  2.28256341237383  0
30  274  1.96349540849362  0
95  277  5.17871913990192  1
212  279  1.37444678594553  0
226  279  1.32535940073319  0
133  282  1.8162332528566  1
58  287  1.84077694546277  1
86  292  0.834485548609789  1
71  295  1.37444678594553  0
147  295  1.76714586764426  0
207  298  1.3989904785517  1
159  302  1.52170894158256  1
86  306  4.41786466911065  1
185  324  1.49716524897639  1
106  332  2.94524311274043  0
58  337  1.25172832291468  1
217  338  4.39332097650448  1
73  348  3.36248588704533  1
213  349  1.27627201552085  0
53  352  5.54687452899448  1
27  364  5.27689391032661  1
188  364  1.61988371200724  0
78  365  2.84706834231575  1
121  365  2.38073818279852  0
160  365  1.98803910109979  0
48  380  5.98866099590554  0
26  385  5.49778714378214  1
106  390  5.49778714378214  0
117  394  2.57708772364788  1
268  395  4.14788405044277  0
20  404  5.96411730329937  1
58  415  6.08683576633022  1
215  419  1.59534001940107  1
91  430  5.86594253287469  1
177  430  5.32598129553895  0
134  434  5.54687452899448  0
227  434  3.3870295796515  1
252  434  3.77972866135022  0
204  443  5.89048622548086  0
79  459  6.25864161457342  1
168  460  5.71868037723767  0
223  461  2.94524311274043  0
116  465  6.01320468851171  1
105  466  3.06796157577128  1
176  474  5.9395736106932  0
224  479  0.098174770424681  0
194  518  6.23409792196725  0
86  541  0.0490873852123405  0
