119  28  0.245436926061703  0
47  44  2.4789129532232  0
250  46  0.9081166264283  1
209  60  0.834485548609789  0
38  61  5.57141822160065  0
83  65  2.7243498792849  0
114  90  3.11704896098362  1
251  107  4.09879666523043  1
146  109  3.48520435007618  0
273  113  4.1233403578366  1
162  135  3.70609758353171  1
184  136  4.04970928001809  1
207  136  1.07992247467149  1
129  139  2.87161203492192  1
20  141  1.86532063806894  0
267  144  1.17809724509617  0
102  153  1.8162332528566  0
134  153  2.15984494934298  1
117  177  1.52170894158256  1
147  180  1.32535940073319  0
133  185  1.42353417115788  0
248  192  4.39332097650448  1
114  202  1.30081570812702  1
198  210  1.44807786376405  1
162  211  4.36877728389831  1
67  216  1.47262155637022  1
123  219  4.44240836171682  1
163  233  4.29514620607979  1
84  243  1.27627201552085  1
207  254  1.47262155637022  1
176  257  4.41786466911065  1
60  260  1.44807786376405  1
120  264  1.25172832291468  1
167  271  4.09879666523043  1
19  274  1.61988371200724  1
121  279  4.41786466911065  1
187  279  4.46695205432299  1
165  281  1.00629139685298  0
108  292  1.03083508945915  0
212  298  4.41786466911065  0
186  311  4.07425297262426  0
70  312  4.46695205432299  1
205  314  4.17242774304894  0
266  315  4.14788405044277  0
147  325  4.00062189480575  1
30  327  1.37444678594553  0
202  335  3.8779034317749  0
257  347  3.85335973916873  0
171  365  3.68155389092554  1
198  365  3.6324665057132  0
258  379  3.6324665057132  0
20  381  3.92699081698724  1
109  381  3.92699081698724  0
35  384  3.82881604656256  1
71  388  4.00062189480575  0
177  397  3.3870295796515  1
236  401  3.33794219443916  0
202  402  3.33794219443916  0
52  403  3.68155389092554  1
72  410  3.48520435007618  0
112  415  3.48520435007618  0
33  433  3.19068003880213  1
174  434  3.19068003880213  0
79  447  3.14159265358979  0
220  475  3.04341788316511  1
182  482  2.99433049795277  0
