163  66  3.53429173528852  0
82  74  3.04341788316511  0
139  74  0.417242774304894  0
94  91  0.245436926061703  0
265  105  4.04970928001809  0
23  107  2.42982556801086  0
223  109  0.95720401164064  1
184  120  0.809941856003619  0
11  126  5.57141822160065  0
59  128  2.67526249407256  0
92  150  3.04341788316511  1
124  169  3.48520435007618  0
227  169  4.1233403578366  1
246  176  4.19697143565511  1
161  195  4.04970928001809  1
104  196  2.67526249407256  1
185  197  1.07992247467149  1
141  202  3.77972866135022  0
241  203  1.27627201552085  0
111  211  2.11075756413064  1
80  214  1.71805848243192  0
107  228  5.27689391032661  1
126  238  1.27627201552085  0
112  244  1.37444678594553  0
100  245  1.37444678594553  0
226  256  4.39332097650448  1
95  264  1.32535940073319  1
261  265  4.41786466911065  0
141  270  4.41786466911065  1
178  270  1.3989904785517  1
107  278  4.46695205432299  0
49  284  1.49716524897639  1
144  293  4.27060251347362  1
264  310  1.10446616727766  0
66  311  1.25172832291468  1
188  315  1.3989904785517  1
158  317  4.41786466911065  1
41  324  1.47262155637022  1
103  329  1.22718463030851  1
150  332  4.09879666523043  1
170  340  4.44240836171682  1
104  344  4.41786466911065  1
149  344  0.95720401164064  0
91  358  1.00629139685298  0
195  359  4.36877728389831  0
245  373  4.14788405044277  0
172  375  4.04970928001809  0
189  375  4.17242774304894  0
54  383  4.39332097650448  1
131  390  3.97607820219958  1
188  397  3.80427235395639  0
240  406  3.80427235395639  0
187  428  3.55883542789469  0
156  430  3.65701019831937  1
242  438  3.6324665057132  0
98  453  3.8779034317749  0
59  460  3.90244712438107  0
225  462  3.28885480922681  0
191  465  3.28885480922681  0
159  466  3.3870295796515  0
38  475  3.60792281310703  1
60  482  3.48520435007618  0
103  485  3.3870295796515  0
166  499  3.09250526837745  0
68  519  3.09250526837745  0
209  531  2.99433049795277  0
