88  31  2.84706834231575  0
179  31  3.33794219443916  0
236  62  3.85335973916873  0
158  65  0.417242774304894  0
101  67  6.18501053675491  0
150  87  0.466330159517235  0
201  98  3.70609758353171  0
147  101  3.48520435007618  0
18  139  5.62050560681299  1
269  167  1.03083508945915  0
99  171  0.0245436926061703  1
16  174  5.54687452899448  1
237  183  4.07425297262426  0
121  185  0.711767085578938  0
167  194  1.00629139685298  1
66  228  5.86594253287469  0
158  258  1.20264093770234  1
79  261  0.098174770424681  1
243  268  1.07992247467149  0
47  283  5.27689391032661  1
117  301  4.39332097650448  1
77  304  1.03083508945915  0
281  306  1.03083508945915  0
272  312  4.24605882086745  1
162  324  1.37444678594553  0
81  339  1.59534001940107  1
215  349  1.17809724509617  0
40  365  1.91440802328128  1
178  367  1.47262155637022  1
202  380  1.32535940073319  0
32  404  5.2032628325081  1
134  405  1.8162332528566  0
223  419  1.07992247467149  1
271  427  3.97607820219958  0
217  443  1.59534001940107  1
57  448  5.32598129553895  0
224  463  1.34990309333936  1
125  472  5.25235021772044  0
214  487  5.86594253287469  0
93  489  5.52233083638831  1
201  492  5.27689391032661  0
253  492  3.14159265358979  0
140  495  5.37506868075129  0
59  507  5.86594253287469  0
164  512  5.52233083638831  1
34  525  5.9395736106932  0
119  543  5.79231145505618  0
92  544  5.98866099590554  0
153  546  5.79231145505618  0
