136  14  2.74889357189107  0
212  43  0.392699081698724  0
155  46  6.13592315154256  0
69  47  5.62050560681299  1
205  66  0.466330159517235  0
257  77  3.73064127613788  0
203  81  3.48520435007618  0
62  83  5.52233083638831  0
75  120  5.52233083638831  1
254  125  3.92699081698724  0
251  138  0.95720401164064  0
154  148  0.122718463030851  1
72  152  5.47324345117597  1
174  163  0.736310778185108  0
221  177  1.05537878206532  1
34  183  2.11075756413064  0
114  202  5.89048622548086  0
127  234  0.171805848243192  1
32  235  5.12963175468958  0
60  237  5.25235021772044  1
206  239  1.27627201552085  1
94  256  5.32598129553895  1
123  276  1.10446616727766  0
161  276  4.44240836171682  1
204  302  1.47262155637022  0
260  304  4.31968989868597  1
41  310  2.03712648631213  1
125  312  1.71805848243192  1
255  333  1.27627201552085  0
85  334  1.93895171588745  1
215  347  1.49716524897639  1
238  362  1.42353417115788  0
72  378  5.2032628325081  1
171  378  1.86532063806894  0
257  407  1.12900985988383  1
18  412  5.54687452899448  0
90  421  5.42415606596363  0
242  431  1.96349540849362  0
155  450  5.27689391032661  0
253  450  1.42353417115788  1
56  455  5.64504929941916  0
273  460  3.60792281310703  0
124  464  5.54687452899448  1
168  473  5.4486997585698  0
239  473  5.9395736106932  0
228  475  5.37506868075129  0
89  482  5.81685514766235  0
37  483  2.7243498792849  0
190  493  5.57141822160065  1
65  498  5.98866099590554  0
38  503  5.79231145505618  0
116  519  6.03774838111788  0
141  520  5.89048622548086  0
174  526  5.86594253287469  0
