99  135  5.89048622548086  0
152  136  2.99433049795277  0
238  148  0.93266031903447  0
55  155  5.54687452899448  1
121  156  5.9395736106932  1
96  172  2.57708772364788  0
61  174  2.38073818279852  0
249  174  4.04970928001809  0
205  184  3.6324665057132  0
74  185  5.62050560681299  1
19  198  5.4486997585698  1
90  198  5.66959299202533  1
258  221  1.07992247467149  0
222  226  0.9081166264283  0
277  226  4.14788405044277  0
238  230  3.95153450959341  1
43  245  2.28256341237383  1
73  258  5.52233083638831  1
270  263  4.19697143565511  1
89  296  2.23347602716149  0
126  298  6.18501053675491  1
13  305  5.32598129553895  1
249  313  4.29514620607979  1
141  314  3.14159265358979  1
249  327  1.27627201552085  0
110  331  5.76776776245001  1
49  344  5.27689391032661  0
236  344  4.36877728389831  1
67  356  5.25235021772044  1
91  368  5.47324345117597  1
188  373  4.34423359129214  1
162  387  4.14788405044277  1
255  411  4.22151512826128  0
54  420  5.27689391032661  0
164  439  4.00062189480575  0
201  441  4.07425297262426  1
49  455  5.32598129553895  1
183  469  3.75518496874405  1
226  472  3.97607820219958  0
53  479  5.52233083638831  1
83  479  5.9395736106932  0
220  492  3.75518496874405  1
107  493  0.0490873852123405  0
136  496  3.28885480922681  0
57  499  5.86594253287469  0
192  508  3.55883542789469  0
