156  87  3.04341788316511  0
37  121  5.57141822160065  1
147  156  2.94524311274043  0
94  157  5.81685514766235  0
232  161  0.834485548609789  0
51  174  5.57141822160065  1
116  177  5.9395736106932  1
248  188  3.92699081698724  0
58  193  2.40528187540469  0
92  194  2.60163141625405  0
205  201  3.65701019831937  1
70  206  5.64504929941916  1
16  212  5.52233083638831  1
89  218  5.6941366846315  1
258  233  0.95720401164064  0
219  242  0.785398163397448  0
235  244  3.8779034317749  1
39  265  2.38073818279852  1
73  279  5.52233083638831  1
133  313  0.147262155637022  0
96  317  2.33165079758617  1
251  321  4.17242774304894  1
139  335  3.01887419055894  1
256  336  1.12900985988383  1
115  344  5.9395736106932  0
239  353  4.22151512826128  1
46  364  5.35052498814512  0
65  377  5.32598129553895  1
90  390  5.52233083638831  1
191  394  4.24605882086745  1
162  405  4.00062189480575  1
50  435  5.42415606596363  0
205  453  3.92699081698724  1
165  455  3.8779034317749  0
43  466  5.54687452899448  1
188  482  3.60792281310703  1
45  489  5.74322406984384  1
78  493  6.03774838111788  0
111  507  0.098174770424681  0
48  508  6.03774838111788  0
134  508  3.19068003880213  0
198  516  3.43611696486384  0
