191  151  3.55883542789469  1
92  161  3.09250526837745  0
112  174  0.0490873852123405  0
65  183  2.84706834231575  0
104  196  2.94524311274043  1
61  202  5.98866099590554  0
245  241  0.93266031903447  0
200  271  1.07992247467149  1
29  289  2.03712648631213  0
158  303  1.07992247467149  1
111  311  2.11075756413064  1
108  325  1.49716524897639  1
116  325  1.10446616727766  0
66  327  1.71805848243192  0
229  342  1.32535940073319  0
32  357  1.66897109721958  0
137  376  4.36877728389831  0
48  383  1.52170894158256  0
178  388  1.61988371200724  0
151  391  4.63875790256618  1
141  398  4.14788405044277  0
191  398  1.5707963267949  0
87  400  1.15355355249  0
228  400  1.37444678594553  0
137  408  3.97607820219958  0
162  414  1.91440802328128  0
123  416  0.417242774304894  1
210  431  1.61988371200724  0
163  432  4.95782590644639  0
174  439  2.11075756413064  0
77  468  0.9081166264283  0
152  483  2.82252464970958  1
166  525  5.52233083638831  0
