180  172  3.55883542789469  0
105  188  0.147262155637022  0
94  210  3.09250526837745  1
231  262  1.00629139685298  0
185  291  1.10446616727766  1
142  322  1.05537878206532  1
94  331  2.03712648631213  1
49  344  1.71805848243192  0
100  345  1.07992247467149  0
92  346  1.49716524897639  1
213  359  1.32535940073319  0
123  397  4.31968989868597  0
30  399  1.42353417115788  0
163  408  1.61988371200724  0
136  412  4.66330159517235  1
71  416  1.15355355249  0
177  417  1.5707963267949  0
214  417  1.37444678594553  0
126  418  4.14788405044277  0
148  434  1.91440802328128  0
109  435  0.417242774304894  1
125  436  3.65701019831937  1
197  446  1.61988371200724  0
149  450  4.95782590644639  0
160  458  2.11075756413064  0
241  462  1.3989904785517  1
62  482  0.93266031903447  0
137  500  2.87161203492192  1
145  530  5.66959299202533  0
