175  106  3.3870295796515  0
121  159  2.84706834231575  0
195  187  0.490873852123405  0
60  191  2.11075756413064  0
104  195  5.86594253287469  0
227  201  3.70609758353171  1
250  202  0.662679700366597  1
37  204  2.0616701789183  0
179  204  0.490873852123405  0
166  213  3.19068003880213  0
92  227  2.03712648631213  0
120  244  1.96349540849362  0
151  269  0  0
171  270  3.23976742401447  0
63  282  1.69351478982575  1
170  302  1.52170894158256  0
268  304  0.9081166264283  1
134  308  1.32535940073319  0
190  318  0.711767085578938  0
182  325  1.10446616727766  1
259  334  0.9081166264283  0
99  336  1.52170894158256  0
194  337  0.859029241215959  1
175  338  4.51603943953533  0
112  353  4.56512682474767  1
188  353  1.10446616727766  1
279  362  4.14788405044277  0
97  378  1.52170894158256  0
51  384  1.61988371200724  0
128  408  1.22718463030851  0
100  412  1.37444678594553  1
202  415  1.15355355249  1
88  421  1.54625263418873  1
179  422  1.07992247467149  1
197  460  4.14788405044277  0
269  470  3.75518496874405  0
94  473  1.27627201552085  0
167  482  4.07425297262426  0
133  490  4.04970928001809  1
244  493  3.70609758353171  0
159  525  3.75518496874405  0
199  526  3.6324665057132  0
239  531  3.28885480922681  0
