161  55  3.04341788316511  0
88  81  2.23347602716149  0
137  82  6.13592315154256  0
62  94  2.11075756413064  0
236  102  0.662679700366597  0
214  109  0.736310778185108  0
117  110  2.13530125673681  0
198  112  3.48520435007618  0
48  119  5.2032628325081  0
265  121  3.82881604656256  1
144  128  2.0616701789183  0
86  162  1.79168956025043  1
194  163  3.43611696486384  0
166  168  5.74322406984384  0
188  191  1.61988371200724  0
58  198  4.85965113602171  0
205  203  1.03083508945915  1
116  221  1.52170894158256  0
198  221  1.3989904785517  1
189  234  4.61421420996001  0
285  234  1.10446616727766  1
128  238  4.56512682474767  1
61  239  1.66897109721958  0
207  239  1.10446616727766  1
198  255  1.27627201552085  1
270  258  1.10446616727766  0
113  267  1.5707963267949  0
73  271  1.61988371200724  0
140  305  1.37444678594553  0
114  306  1.42353417115788  1
104  312  1.59534001940107  1
225  314  4.39332097650448  1
206  326  1.22718463030851  1
184  328  1.20264093770234  1
94  351  1.71805848243192  0
106  369  1.37444678594553  0
200  372  4.24605882086745  0
283  380  4.22151512826128  0
173  392  4.17242774304894  0
141  393  4.14788405044277  1
267  397  3.95153450959341  0
113  413  4.1233403578366  0
240  414  3.95153450959341  0
82  423  6.03774838111788  0
161  433  3.95153450959341  0
138  437  3.68155389092554  0
198  442  3.90244712438107  0
236  455  3.55883542789469  0
201  462  3.53429173528852  0
158  466  3.53429173528852  0
138  473  3.33794219443916  1
