189  136  0.95720401164064  0
145  145  2.30710710498  1
108  168  5.37506868075129  0
187  181  3.90244712438107  0
151  206  6.23409792196725  1
201  227  1.44807786376405  1
162  247  1.66897109721958  1
141  257  1.86532063806894  0
105  271  2.01258279370596  0
90  277  5.17871913990192  1
249  295  1.47262155637022  0
219  296  1.61988371200724  0
236  357  1.66897109721958  0
79  373  2.40528187540469  1
48  403  5.66959299202533  0
219  407  5.25235021772044  0
158  420  5.35052498814512  0
118  421  5.54687452899448  0
197  436  5.57141822160065  0
224  436  5.79231145505618  0
156  443  5.64504929941916  1
66  445  5.79231145505618  0
206  446  6.13592315154256  0
84  455  5.81685514766235  0
97  459  5.96411730329937  1
150  470  5.84139884026852  1
181  471  6.23409792196725  0
124  492  6.13592315154256  1
82  500  2.67526249407256  1
166  512  0  1
