151  62  2.33165079758617  1
112  88  5.35052498814512  0
193  100  3.95153450959341  0
163  127  0.809941856003619  0
158  142  1.88986433067511  1
211  142  1.42353417115788  0
169  163  1.59534001940107  1
148  175  1.8162332528566  0
113  191  1.96349540849362  0
99  199  5.10508806208341  1
228  212  1.5707963267949  0
249  278  1.66897109721958  0
84  297  2.33165079758617  0
28  325  5.86594253287469  0
65  326  5.62050560681299  0
233  328  5.2032628325081  0
173  342  5.32598129553895  0
134  347  5.4486997585698  0
213  357  5.52233083638831  0
172  366  5.62050560681299  1
217  366  5.89048622548086  1
82  378  5.66959299202533  1
101  379  5.86594253287469  0
116  384  5.91502991808703  1
167  393  5.84139884026852  1
197  393  6.23409792196725  0
20  397  6.18501053675491  0
63  406  6.18501053675491  1
86  411  2.9697868053466  1
142  416  6.06229207372405  1
97  427  2.77343726449724  1
143  433  2.92069942013426  1
150  486  5.76776776245001  1
121  498  6.08683576633022  1
70  500  6.01320468851171  1
