179  116  2.94524311274043  0
156  121  6.03774838111788  0
129  132  2.7243498792849  0
180  133  6.18501053675491  0
76  136  5.66959299202533  0
169  241  2.65071880146639  0
175  258  6.18501053675491  0
228  280  3.50974804268235  1
195  296  2.74889357189107  0
239  322  3.60792281310703  1
177  339  2.35619449019234  0
218  340  2.89615572752809  0
130  350  5.4486997585698  1
214  357  2.03712648631213  0
217  376  1.07992247467149  1
195  379  1.5707963267949  0
176  392  1.86532063806894  0
229  407  4.22151512826128  0
182  418  1.54625263418873  1
169  435  5.37506868075129  0
216  459  3.46066065747001  1
121  460  5.64504929941916  0
83  481  5.79231145505618  1
94  502  5.9395736106932  0
180  504  6.18501053675491  1
134  534  6.13592315154256  0
118  542  0  0
