208  111  2.94524311274043  0
183  117  6.03774838111788  0
156  126  2.74889357189107  0
102  128  5.74322406984384  0
206  130  6.18501053675491  0
189  230  2.74889357189107  0
191  247  0  0
245  277  3.6324665057132  1
214  286  2.94524311274043  0
251  319  3.75518496874405  1
191  326  2.40528187540469  0
145  334  5.47324345117597  1
231  334  3.09250526837745  0
229  355  2.15984494934298  1
204  373  1.61988371200724  0
226  373  1.17809724509617  1
185  383  1.96349540849362  0
198  401  1.17809724509617  0
190  409  1.69351478982575  1
246  410  4.07425297262426  1
208  423  4.24605882086745  0
173  426  5.42415606596363  0
122  457  5.71868037723767  1
219  458  3.65701019831937  1
87  469  5.74322406984384  1
93  491  5.98866099590554  0
179  498  0.0490873852123405  1
132  525  6.23409792196725  0
196  527  3.23976742401447  0
115  532  0.098174770424681  0
