148  70  6.23409792196725  0
78  109  5.71868037723767  1
184  110  3.19068003880213  0
55  135  2.33165079758617  0
211  140  0.343611696486384  0
70  147  2.28256341237383  1
17  152  2.20893233455532  0
125  162  2.60163141625405  0
159  176  6.23409792196725  1
223  176  3.65701019831937  1
252  182  0.613592315154257  1
90  183  5.59596191420682  1
38  189  5.30143760293278  1
188  197  0.613592315154257  0
243  200  0.785398163397448  0
58  207  1.98803910109979  0
174  210  0.613592315154257  1
67  229  5.17871913990192  1
274  236  0.859029241215959  0
250  242  1.07992247467149  0
169  254  3.23976742401447  1
57  259  1.96349540849362  1
164  265  1.03083508945915  0
95  267  5.12963175468958  1
157  268  1.10446616727766  0
238  274  1.22718463030851  0
150  280  1.98803910109979  0
155  281  1.27627201552085  0
182  292  4.39332097650448  1
152  297  1.76714586764426  0
258  305  1.30081570812702  1
237  309  1.49716524897639  1
220  310  1.52170894158256  0
112  333  2.08621387152447  1
126  333  1.91440802328128  1
86  334  5.25235021772044  0
223  337  4.7860200582032  1
42  340  5.10508806208341  0
156  355  2.13530125673681  0
247  363  1.61988371200724  0
218  366  1.8162332528566  1
103  374  5.2032628325081  0
61  379  5.25235021772044  1
273  386  1.5707963267949  0
160  387  2.20893233455532  1
196  389  2.13530125673681  1
221  400  5.00691329165873  0
37  403  5.39961237335746  1
128  403  5.35052498814512  1
91  425  5.54687452899448  0
168  429  5.35052498814512  1
186  429  2.30710710498  1
28  431  5.86594253287469  0
133  432  5.47324345117597  1
96  435  5.74322406984384  1
246  444  5.25235021772044  1
59  448  5.9395736106932  0
177  456  5.4486997585698  0
157  460  5.4486997585698  1
26  464  6.23409792196725  1
114  472  5.96411730329937  1
259  481  5.57141822160065  1
119  485  6.20955422936108  1
63  487  0.0490873852123405  0
164  493  5.9395736106932  1
89  496  0.0490873852123405  0
206  500  5.81685514766235  0
239  501  5.9395736106932  0
43  511  3.33794219443916  0
202  517  6.08683576633022  0
83  527  0.294524311274043  1
