156  80  6.18501053675491  0
195  118  3.14159265358979  0
88  119  5.6941366846315  1
65  146  2.30710710498  0
222  148  0.343611696486384  0
27  157  2.20893233455532  1
81  157  2.23347602716149  1
137  171  2.57708772364788  0
233  184  3.65701019831937  1
170  185  6.25864161457342  1
11  187  5.32598129553895  0
262  189  0.613592315154257  1
102  194  5.49778714378214  1
49  201  5.27689391032661  1
199  207  0.564504929941916  0
254  208  0.760854470791278  0
71  218  2.01258279370596  0
186  220  0.613592315154257  1
79  241  5.15417544729575  1
261  250  1.07992247467149  0
181  263  3.14159265358979  1
71  270  1.96349540849362  1
176  273  1.07992247467149  0
169  275  1.15355355249  0
108  278  5.10508806208341  1
250  282  1.22718463030851  0
194  302  4.41786466911065  1
165  308  1.76714586764426  0
270  314  1.30081570812702  1
248  316  1.42353417115788  1
232  319  1.52170894158256  0
126  344  2.0616701789183  1
140  344  1.91440802328128  1
99  346  5.25235021772044  0
235  347  4.7860200582032  1
57  352  5.05600067687107  0
169  366  2.11075756413064  0
255  368  1.59534001940107  1
230  377  1.76714586764426  1
117  386  5.17871913990192  0
76  390  5.25235021772044  1
174  398  2.20893233455532  1
209  400  2.08621387152447  1
235  409  4.95782590644639  0
53  415  5.32598129553895  1
142  415  5.32598129553895  1
26  417  5.54687452899448  1
183  433  5.32598129553895  0
106  437  5.52233083638831  0
200  440  2.25801971976766  1
44  443  5.81685514766235  0
147  444  5.4486997585698  1
117  450  5.66959299202533  0
260  452  5.25235021772044  1
73  462  5.89048622548086  0
190  469  5.42415606596363  0
172  471  5.4486997585698  1
42  476  0  1
129  484  5.96411730329937  1
134  498  6.11137945893639  1
79  500  0.0490873852123405  0
179  505  5.89048622548086  1
104  509  0  0
223  509  5.79231145505618  0
60  524  3.28885480922681  0
100  540  0.245436926061703  1
