236  124  0.711767085578938  0
235  137  3.75518496874405  1
168  144  0.466330159517235  0
189  158  3.6324665057132  1
209  158  0.809941856003619  1
83  214  5.9395736106932  1
89  243  2.30710710498  0
213  250  1.07992247467149  1
195  257  4.17242774304894  1
113  271  2.15984494934298  1
137  272  3.92699081698724  1
119  288  1.10446616727766  0
108  291  1.37444678594553  1
30  296  1.71805848243192  1
93  311  1.37444678594553  1
233  355  4.17242774304894  1
112  367  4.24605882086745  1
71  381  1.22718463030851  0
256  390  3.82881604656256  1
47  395  1.22718463030851  1
223  396  3.8779034317749  0
67  399  4.31968989868597  1
126  407  4.07425297262426  1
47  410  4.39332097650448  1
18  413  4.17242774304894  1
174  413  3.80427235395639  1
259  425  3.28885480922681  1
102  426  0.638136007760427  0
225  430  3.28885480922681  0
216  437  3.16613634619596  1
247  442  2.99433049795277  0
162  448  3.43611696486384  0
122  454  3.68155389092554  1
95  457  3.68155389092554  0
121  463  3.53429173528852  0
203  465  3.04341788316511  1
98  474  3.48520435007618  0
28  475  3.6324665057132  1
226  492  2.99433049795277  1
90  494  3.28885480922681  0
137  503  2.99433049795277  1
193  507  6.01320468851171  1
