185  110  0.392699081698724  0
223  159  0.662679700366597  0
222  173  3.80427235395639  1
156  179  0.466330159517235  0
177  193  3.60792281310703  1
198  193  0.785398163397448  1
75  255  5.84139884026852  1
83  284  2.23347602716149  0
204  284  1.03083508945915  1
187  290  4.1233403578366  1
131  308  3.8779034317749  1
109  309  2.08621387152447  1
115  326  1.07992247467149  0
105  331  1.32535940073319  1
26  344  1.61988371200724  1
92  354  1.34990309333936  1
227  391  4.19697143565511  1
112  408  4.22151512826128  1
251  426  3.82881604656256  1
73  427  1.15355355249  0
221  433  3.85335973916873  0
50  443  1.15355355249  1
70  445  4.27060251347362  1
128  449  4.07425297262426  1
175  454  3.82881604656256  1
51  459  4.31968989868597  1
258  461  3.19068003880213  1
222  469  3.28885480922681  0
106  471  0.638136007760427  0
214  478  3.19068003880213  1
247  480  2.94524311274043  0
164  490  3.3870295796515  0
126  499  3.65701019831937  1
99  504  3.70609758353171  0
207  506  2.94524311274043  1
124  508  3.53429173528852  0
104  521  3.48520435007618  0
228  529  2.89615572752809  0
97  542  3.28885480922681  0
199  545  5.98866099590554  0
