121  88  3.33794219443916  0
71  91  6.08683576633022  1
105  106  3.14159265358979  1
204  124  0.711767085578938  1
36  136  2.50345664582937  0
59  185  2.38073818279852  0
158  211  3.65701019831937  1
78  215  2.33165079758617  1
41  216  5.37506868075129  0
223  246  0.760854470791278  0
53  271  1.86532063806894  1
17  274  1.88986433067511  1
84  279  1.84077694546277  1
251  295  3.90244712438107  0
135  311  0.490873852123405  0
142  336  1.00629139685298  0
258  338  3.90244712438107  0
90  346  1.30081570812702  1
108  361  4.34423359129214  1
60  364  1.49716524897639  1
79  370  1.17809724509617  0
106  383  4.17242774304894  1
260  387  3.70609758353171  1
66  388  1.49716524897639  1
145  402  3.75518496874405  0
101  404  3.97607820219958  0
81  409  4.1233403578366  0
56  417  5.62050560681299  1
228  423  3.55883542789469  1
197  424  3.48520435007618  1
134  431  3.50974804268235  1
18  435  5.71868037723767  1
241  453  3.50974804268235  1
169  459  3.23976742401447  0
143  508  2.94524311274043  1
132  531  6.11137945893639  1
