86  120  3.19068003880213  1
180  150  0.809941856003619  0
40  196  2.42982556801086  0
18  227  5.4486997585698  0
56  227  2.38073818279852  1
138  231  3.75518496874405  1
191  262  0.785398163397448  0
29  275  1.91440802328128  1
56  296  1.86532063806894  1
218  312  3.95153450959341  0
73  318  5.2032628325081  1
105  336  0.343611696486384  1
224  352  3.90244712438107  0
112  353  1.00629139685298  0
36  379  1.5707963267949  0
49  383  1.15355355249  0
228  401  3.65701019831937  1
37  403  1.47262155637022  1
70  416  4.04970928001809  0
114  416  3.77972866135022  0
54  423  4.00062189480575  0
27  429  5.66959299202533  1
196  438  3.55883542789469  1
165  440  3.50974804268235  1
101  445  3.60792281310703  1
101  465  3.28885480922681  0
210  466  3.41157327225767  1
76  474  3.2152237314083  1
141  476  3.28885480922681  0
232  495  3.33794219443916  0
