147  79  6.13592315154256  0
161  147  2.79798095710341  1
200  155  0.343611696486384  0
70  156  2.33165079758617  0
257  177  0.662679700366597  0
106  185  5.54687452899448  0
180  209  2.9697868053466  1
218  209  0.760854470791278  1
35  241  5.17871913990192  0
188  260  1.59534001940107  1
215  261  1.47262155637022  0
81  264  1.96349540849362  0
193  289  1.61988371200724  1
173  293  1.71805848243192  0
160  299  1.8162332528566  1
73  303  4.93328221384022  1
239  308  1.66897109721958  0
135  310  1.8162332528566  0
255  314  1.52170894158256  0
172  330  4.7860200582032  1
164  333  1.5707963267949  0
179  342  1.61988371200724  0
187  343  4.85965113602171  1
164  355  4.71238898038469  0
251  357  1.71805848243192  0
66  364  1.8162332528566  0
122  373  4.85965113602171  0
265  373  1.5707963267949  0
176  381  4.81056375080937  0
276  410  1.64442740461341  1
63  433  5.2032628325081  0
218  434  4.95782590644639  0
68  454  2.4789129532232  0
203  472  5.27689391032661  0
71  478  5.54687452899448  0
154  478  5.37506868075129  0
100  480  5.64504929941916  0
129  496  5.9395736106932  0
177  498  5.71868037723767  0
240  504  5.74322406984384  0
219  510  5.54687452899448  0
194  512  5.86594253287469  0
