191  80  2.79798095710341  1
98  87  2.35619449019234  0
227  88  0.343611696486384  0
138  115  5.62050560681299  0
246  144  0.834485548609789  1
211  145  3.06796157577128  1
62  170  5.2032628325081  0
239  191  1.47262155637022  0
215  196  1.69351478982575  1
180  218  1.71805848243192  0
218  223  1.71805848243192  1
198  226  1.8162332528566  0
160  238  1.91440802328128  0
261  246  1.71805848243192  0
277  248  1.5707963267949  0
186  265  1.66897109721958  0
193  266  4.85965113602171  1
207  283  4.90873852123405  1
199  285  1.71805848243192  0
184  290  4.76147636559703  0
86  294  1.86532063806894  0
271  295  1.76714586764426  0
141  307  4.95782590644639  0
195  314  4.85965113602171  0
79  363  5.25235021772044  0
233  371  5.00691329165873  0
84  383  2.52800033843554  0
86  407  5.54687452899448  0
216  407  5.37506868075129  0
116  409  5.71868037723767  0
167  411  5.4486997585698  0
119  428  5.9395736106932  0
142  428  5.98866099590554  0
189  433  5.74322406984384  0
253  441  5.79231145505618  0
232  446  5.54687452899448  0
205  447  5.9395736106932  0
84  450  6.08683576633022  1
