81  105  5.6941366846315  1
119  113  2.57708772364788  0
148  131  6.23409792196725  1
36  143  5.32598129553895  0
150  147  0.098174770424681  0
206  153  3.70609758353171  0
75  166  5.4486997585698  1
145  181  0.147262155637022  0
206  210  1.17809724509617  0
17  214  2.11075756413064  0
50  218  5.25235021772044  0
135  221  0.098174770424681  0
244  231  1.22718463030851  0
91  237  5.35052498814512  1
122  238  6.03774838111788  1
175  240  1.3989904785517  1
201  244  1.44807786376405  1
146  252  1.66897109721958  0
138  253  1.91440802328128  1
127  257  2.18438864194915  0
71  274  1.98803910109979  1
34  282  2.01258279370596  1
221  292  1.52170894158256  0
173  293  1.86532063806894  0
30  316  5.12963175468958  0
229  322  1.5707963267949  0
201  323  1.8162332528566  0
196  344  4.95782590644639  0
224  350  1.52170894158256  0
63  356  5.42415606596363  0
211  362  2.03712648631213  0
144  368  2.30710710498  0
102  370  5.47324345117597  0
220  377  2.03712648631213  0
60  378  5.54687452899448  0
162  379  5.2032628325081  0
223  389  1.86532063806894  0
192  402  5.30143760293278  1
205  403  5.27689391032661  0
38  406  5.66959299202533  1
182  424  5.74322406984384  0
221  424  6.08683576633022  0
42  425  5.76776776245001  0
102  427  5.79231145505618  0
142  429  5.52233083638831  1
59  433  5.81685514766235  0
156  443  5.86594253287469  0
189  456  6.13592315154256  1
76  462  5.91502991808703  1
122  493  6.08683576633022  0
