137  105  5.81685514766235  0
171  123  2.74889357189107  0
191  143  0.0245436926061703  1
85  148  5.37506868075129  0
194  158  0.196349540849362  0
250  168  3.77972866135022  0
116  177  5.4486997585698  1
185  189  0.245436926061703  0
63  219  2.13530125673681  0
248  221  1.17809724509617  1
94  225  5.25235021772044  0
171  228  0.098174770424681  0
160  245  6.06229207372405  1
283  245  1.22718463030851  0
131  246  5.27689391032661  1
214  251  1.3989904785517  1
240  257  1.3989904785517  1
168  261  2.03712648631213  0
116  281  1.96349540849362  1
80  290  2.0616701789183  1
111  301  4.95782590644639  0
216  303  1.8162332528566  0
261  305  1.47262155637022  0
39  310  5.17871913990192  1
76  325  5.10508806208341  0
269  334  1.52170894158256  0
266  362  1.47262155637022  0
110  366  5.35052498814512  0
253  374  1.96349540849362  0
190  378  2.23347602716149  0
148  381  5.47324345117597  0
263  387  1.98803910109979  0
107  388  5.54687452899448  0
207  391  5.2032628325081  0
56  406  5.42415606596363  0
236  413  5.32598129553895  1
248  414  5.30143760293278  0
85  415  5.6941366846315  1
267  432  5.98866099590554  0
89  434  5.79231145505618  0
227  435  5.71868037723767  0
148  438  5.79231145505618  0
188  440  5.52233083638831  1
104  444  5.86594253287469  0
203  453  5.86594253287469  0
237  465  6.01320468851171  1
122  473  5.89048622548086  1
174  503  5.98866099590554  0
