117  107  6.16046684414874  1
98  128  2.89615572752809  0
31  140  5.74322406984384  0
91  171  5.98866099590554  1
127  204  0.245436926061703  1
226  218  0.785398163397448  0
24  223  2.30710710498  0
189  223  0.809941856003619  0
127  239  3.23976742401447  1
210  270  1.15355355249  0
193  279  1.25172832291468  1
21  280  2.11075756413064  0
65  289  5.30143760293278  1
122  295  1.15355355249  0
113  296  2.01258279370596  1
119  309  1.37444678594553  0
144  312  4.27060251347362  1
218  318  1.27627201552085  1
112  329  1.98803910109979  0
116  339  1.96349540849362  0
160  341  1.8162332528566  0
184  342  1.66897109721958  0
128  366  5.05600067687107  1
207  371  1.71805848243192  0
44  378  5.12963175468958  0
241  379  1.47262155637022  0
230  396  1.61988371200724  0
208  416  1.88986433067511  1
161  433  2.15984494934298  1
21  436  5.54687452899448  1
58  455  5.52233083638831  0
220  455  1.96349540849362  0
18  458  5.89048622548086  0
100  469  5.66959299202533  1
157  483  5.42415606596363  1
42  497  6.03774838111788  0
61  500  6.03774838111788  0
144  515  5.89048622548086  0
22  523  0.0490873852123405  0
101  527  0.0490873852123405  0
127  528  6.25864161457342  1
76  533  0.098174770424681  0
