90  49  5.96411730329937  1
128  82  0.220893233455532  1
226  92  0.785398163397448  0
189  93  0.785398163397448  1
25  106  2.28256341237383  0
127  116  3.23976742401447  1
211  145  1.10446616727766  0
118  149  0.711767085578938  1
115  155  2.13530125673681  0
195  156  1.25172832291468  1
26  164  1.98803910109979  0
70  167  5.2032628325081  1
126  172  1.15355355249  0
117  176  1.93895171588745  1
147  187  4.22151512826128  1
124  188  1.37444678594553  0
221  192  1.27627201552085  1
115  198  1.8162332528566  1
262  216  1.15355355249  1
122  219  1.86532063806894  0
166  220  1.76714586764426  0
189  220  1.61988371200724  0
212  247  1.61988371200724  0
135  248  5.00691329165873  1
246  250  1.42353417115788  0
55  263  5.05600067687107  0
235  269  1.5707963267949  0
216  290  1.79168956025043  1
171  315  2.0616701789183  1
36  324  5.4486997585698  1
230  326  1.76714586764426  0
239  338  1.44807786376405  1
72  342  5.47324345117597  0
32  347  5.86594253287469  0
223  351  5.00691329165873  0
112  356  5.62050560681299  1
168  367  5.37506868075129  1
100  369  5.74322406984384  1
229  374  5.9395736106932  1
60  385  5.98866099590554  0
78  388  5.9395736106932  0
225  391  6.16046684414874  1
257  396  3.28885480922681  0
161  398  5.74322406984384  0
196  410  6.03774838111788  0
143  412  6.20955422936108  1
40  413  0  0
120  413  6.23409792196725  0
88  425  0  1
171  429  0  0
147  430  0.245436926061703  0
215  450  0.147262155637022  0
189  478  3.3870295796515  0
126  514  0.466330159517235  0
