146  72  6.18501053675491  0
208  77  3.3870295796515  0
110  101  5.79231145505618  0
224  102  3.55883542789469  0
138  103  2.7243498792849  0
111  120  5.76776776245001  1
160  121  6.23409792196725  0
107  131  2.33165079758617  0
279  156  1.03083508945915  0
168  166  0.343611696486384  0
217  167  0.93266031903447  0
261  189  4.17242774304894  0
54  202  5.25235021772044  0
97  204  5.35052498814512  1
254  221  1.32535940073319  0
155  228  0.736310778185108  1
220  230  1.37444678594553  1
132  233  5.76776776245001  1
155  244  1.61988371200724  1
149  258  1.8162332528566  1
143  284  1.96349540849362  1
166  307  4.81056375080937  0
229  307  1.5707963267949  1
97  312  5.22780652511427  1
83  318  2.11075756413064  1
128  322  1.98803910109979  0
114  330  2.13530125673681  1
175  341  1.88986433067511  1
49  350  5.22780652511427  1
145  357  2.01258279370596  1
243  360  1.5707963267949  0
150  374  1.93895171588745  1
192  375  1.86532063806894  0
199  389  1.91440802328128  0
210  390  1.76714586764426  0
185  397  5.00691329165873  0
97  415  5.27689391032661  0
184  415  5.22780652511427  1
53  417  5.42415606596363  0
217  435  5.22780652511427  1
62  439  5.57141822160065  0
169  470  5.52233083638831  1
117  475  5.52233083638831  1
126  489  5.71868037723767  0
