102  105  5.47324345117597  0
203  109  5.98866099590554  0
131  129  5.57141822160065  1
205  143  2.7243498792849  0
174  148  5.66959299202533  1
142  150  2.33165079758617  0
117  155  2.28256341237383  0
177  161  5.79231145505618  1
229  163  6.13592315154256  0
124  170  5.42415606596363  0
177  170  2.42982556801086  0
91  188  5.35052498814512  0
231  210  0.343611696486384  0
88  215  2.11075756413064  0
237  223  3.23976742401447  1
118  242  5.25235021772044  0
158  243  5.37506868075129  1
69  245  5.27689391032661  0
217  275  1.05537878206532  0
189  277  5.6941366846315  1
213  288  1.59534001940107  1
67  293  2.30710710498  0
187  300  5.71868037723767  1
204  329  1.8162332528566  1
232  347  4.66330159517235  0
46  360  5.49778714378214  0
162  360  5.12963175468958  1
148  364  2.15984494934298  1
194  368  1.96349540849362  0
180  376  2.11075756413064  1
110  390  5.37506868075129  1
239  390  1.88986433067511  1
204  407  2.11075756413064  0
213  423  2.01258279370596  1
107  457  5.57141822160065  0
155  459  5.4486997585698  0
117  482  5.64504929941916  0
