140  72  0.098174770424681  0
228  92  0.711767085578938  0
83  97  2.50345664582937  0
157  105  3.3870295796515  0
101  125  5.76776776245001  1
135  126  2.87161203492192  1
229  139  3.97607820219958  0
79  146  2.15984494934298  1
100  156  2.03712648631213  0
123  162  5.86594253287469  0
117  181  5.62050560681299  1
110  186  1.86532063806894  0
42  190  2.0616701789183  0
131  199  1.47262155637022  1
139  201  1.15355355249  0
155  217  1.15355355249  0
63  223  1.76714586764426  0
41  226  1.86532063806894  0
132  234  4.51603943953533  0
72  244  1.42353417115788  0
129  244  0.95720401164064  1
51  250  1.71805848243192  1
263  250  4.22151512826128  0
218  262  4.24605882086745  0
153  265  4.14788405044277  1
57  284  1.27627201552085  0
38  287  1.8162332528566  0
51  304  1.47262155637022  1
200  308  4.00062189480575  0
137  315  3.8779034317749  0
100  316  3.90244712438107  0
248  316  4.09879666523043  0
36  319  5.05600067687107  0
86  324  3.77972866135022  0
177  328  3.80427235395639  0
69  331  3.19068003880213  0
207  331  3.75518496874405  0
45  340  6.23409792196725  0
160  344  3.6324665057132  0
249  349  3.8779034317749  0
171  357  3.46066065747001  1
232  361  3.73064127613788  1
169  370  3.33794219443916  1
124  379  3.33794219443916  0
104  382  3.14159265358979  0
200  388  3.3870295796515  0
148  437  3.09250526837745  0
78  438  2.94524311274043  0
109  457  2.94524311274043  0
122  476  2.57708772364788  1
