139  162  0  0
86  164  2.57708772364788  0
226  172  0.564504929941916  0
87  190  2.42982556801086  0
161  194  3.28885480922681  0
27  206  5.49778714378214  1
140  216  2.79798095710341  1
105  217  5.71868037723767  1
232  220  3.8779034317749  0
86  239  2.13530125673681  1
108  246  1.98803910109979  0
130  252  5.86594253287469  0
124  273  5.57141822160065  1
125  273  5.52233083638831  1
51  285  2.01258279370596  0
165  307  1.10446616727766  0
74  317  1.71805848243192  0
52  321  1.76714586764426  0
142  323  4.46695205432299  0
141  335  0.95720401164064  1
84  339  1.37444678594553  0
63  344  1.66897109721958  1
230  347  4.17242774304894  0
165  348  4.17242774304894  0
71  379  1.22718463030851  0
53  382  1.76714586764426  0
214  395  3.95153450959341  0
262  396  4.00062189480575  0
66  399  1.3989904785517  1
151  405  3.80427235395639  0
114  408  3.8779034317749  0
52  415  5.00691329165873  0
194  416  3.70609758353171  0
223  417  3.68155389092554  0
106  423  3.58337912050086  1
87  425  3.19068003880213  0
177  432  3.53429173528852  0
61  436  6.13592315154256  0
188  445  3.41157327225767  1
38  448  5.52233083638831  0
187  458  3.28885480922681  1
144  470  3.28885480922681  0
122  474  3.09250526837745  0
219  474  3.33794219443916  0
169  525  2.99433049795277  0
103  529  2.84706834231575  0
