155  90  0.417242774304894  0
119  97  3.04341788316511  0
57  147  2.28256341237383  0
129  171  2.9697868053466  1
71  176  2.13530125673681  0
132  199  2.60163141625405  0
47  213  1.96349540849362  0
138  220  2.50345664582937  1
114  224  5.52233083638831  0
131  248  1.86532063806894  1
139  249  1.71805848243192  0
198  251  4.31968989868597  0
147  255  1.44807786376405  1
144  270  1.34990309333936  1
106  283  1.5707963267949  0
20  295  5.00691329165873  0
59  305  1.66897109721958  0
28  307  1.91440802328128  0
38  317  1.76714586764426  0
84  370  1.27627201552085  1
239  370  3.97607820219958  0
29  383  1.96349540849362  0
208  383  4.02516558741192  1
40  389  1.37444678594553  0
217  402  3.77972866135022  0
98  407  4.27060251347362  1
48  416  4.36877728389831  0
31  417  5.84139884026852  1
165  420  3.92699081698724  0
66  428  4.1233403578366  0
135  431  3.85335973916873  0
205  436  3.60792281310703  0
100  447  3.85335973916873  1
88  451  3.68155389092554  0
73  452  3.55883542789469  0
141  452  3.48520435007618  0
79  458  0.147262155637022  0
230  472  3.43611696486384  0
138  478  3.33794219443916  0
202  489  3.31339850183298  1
