83  115  2.15984494934298  0
139  117  2.84706834231575  0
144  143  2.55254403104171  0
59  146  1.98803910109979  0
148  160  2.38073818279852  0
127  169  5.49778714378214  0
159  183  1.15355355249  1
147  187  1.93895171588745  1
218  191  4.24605882086745  1
154  192  1.76714586764426  0
161  199  1.44807786376405  1
158  211  1.34990309333936  1
119  224  1.61988371200724  0
30  227  5.05600067687107  0
38  236  1.91440802328128  0
70  236  1.71805848243192  0
48  248  1.76714586764426  0
95  305  1.22718463030851  1
37  313  1.98803910109979  0
221  316  4.02516558741192  1
48  317  1.37444678594553  0
231  334  3.70609758353171  0
109  340  4.29514620607979  1
39  345  3.82881604656256  1
56  345  4.36877728389831  0
178  355  3.8779034317749  0
75  359  4.1233403578366  0
147  366  3.8779034317749  0
217  368  3.55883542789469  0
108  377  3.85335973916873  1
79  380  3.55883542789469  0
96  381  3.70609758353171  0
153  384  3.43611696486384  0
102  390  0.245436926061703  0
147  408  3.33794219443916  0
212  420  3.33794219443916  1
