175  62  3.28885480922681  1
138  66  6.18501053675491  0
133  80  2.79798095710341  0
245  106  3.85335973916873  1
88  111  5.59596191420682  1
107  121  2.40528187540469  0
123  129  5.89048622548086  1
126  136  2.35619449019234  0
230  150  3.95153450959341  1
156  153  0.147262155637022  0
229  161  1.03083508945915  0
193  162  3.65701019831937  1
247  199  4.19697143565511  1
69  230  5.05600067687107  0
156  230  6.20955422936108  1
78  235  1.91440802328128  1
171  251  3.09250526837745  1
153  259  5.57141822160065  1
121  262  1.74260217503809  1
131  271  1.54625263418873  1
174  275  1.27627201552085  0
100  302  1.61988371200724  0
152  303  1.34990309333936  1
40  305  5.0314569842649  1
142  307  1.49716524897639  1
64  311  1.86532063806894  1
128  325  4.71238898038469  0
76  335  1.5707963267949  0
250  347  4.27060251347362  1
243  368  4.14788405044277  0
59  375  1.71805848243192  0
127  375  1.22718463030851  0
173  375  4.24605882086745  0
77  377  1.49716524897639  1
60  412  1.27627201552085  0
249  415  4.04970928001809  0
142  418  4.19697143565511  1
84  428  4.31968989868597  0
234  436  3.90244712438107  0
250  437  4.07425297262426  1
162  439  3.90244712438107  0
211  454  3.77972866135022  0
137  464  3.73064127613788  0
236  485  3.55883542789469  0
189  486  3.48520435007618  0
178  501  0.392699081698724  0
179  509  3.55883542789469  0
139  512  3.6324665057132  0
221  527  3.3870295796515  0
