176  67  0.809941856003619  0
94  84  3.36248588704533  1
214  94  0.9081166264283  1
52  103  2.74889357189107  0
190  106  3.92699081698724  0
238  116  3.95153450959341  0
165  123  3.77972866135022  1
28  147  2.38073818279852  0
45  155  5.79231145505618  1
47  163  2.28256341237383  0
155  168  3.85335973916873  1
237  174  0.93266031903447  0
83  176  0.147262155637022  0
154  178  0.93266031903447  0
117  182  3.55883542789469  1
219  212  0.95720401164064  1
175  215  4.1233403578366  1
238  234  4.09879666523043  0
85  254  6.06229207372405  1
56  288  1.64442740461341  1
111  298  1.07992247467149  0
72  301  1.47262155637022  0
46  323  1.52170894158256  0
92  325  1.15355355249  1
84  332  1.37444678594553  1
71  350  4.56512682474767  0
198  359  4.1233403578366  1
193  380  3.97607820219958  0
124  394  4.09879666523043  0
77  398  1.07992247467149  0
206  426  3.90244712438107  0
100  442  4.07425297262426  1
195  449  3.75518496874405  0
209  449  4.00062189480575  1
220  450  0.490873852123405  0
121  459  3.80427235395639  0
227  462  3.75518496874405  0
174  468  3.55883542789469  0
201  497  3.48520435007618  0
156  503  3.3870295796515  0
