142  35  6.16046684414874  1
109  72  5.89048622548086  0
47  108  2.18438864194915  0
66  110  2.13530125673681  0
133  110  5.98866099590554  0
173  117  0.589048622548086  1
164  152  0.785398163397448  0
244  152  0.859029241215959  0
132  172  6.23409792196725  0
47  182  5.05600067687107  1
275  195  1.03083508945915  1
233  208  1.22718463030851  0
205  209  1.37444678594553  0
75  220  5.05600067687107  0
249  223  1.20264093770234  1
228  241  1.47262155637022  0
130  243  1.76714586764426  1
35  250  5.00691329165873  1
24  260  4.61421420996001  0
41  262  5.4486997585698  0
280  269  1.15355355249  1
86  282  2.30710710498  1
268  295  1.22718463030851  0
149  296  1.84077694546277  1
24  299  3.3870295796515  0
269  319  1.5707963267949  0
26  344  0.0490873852123405  1
248  364  5.17871913990192  0
258  375  5.42415606596363  0
91  376  5.9395736106932  0
220  386  5.4486997585698  0
130  389  5.74322406984384  0
230  398  5.89048622548086  0
164  400  5.57141822160065  0
189  400  5.66959299202533  0
186  413  5.98866099590554  1
62  415  0.0245436926061703  1
225  426  6.18501053675491  0
238  431  3.09250526837745  0
156  434  6.08683576633022  1
180  443  0  0
95  446  0.0490873852123405  0
