113  49  2.52800033843554  1
166  57  0  0
127  97  5.9395736106932  0
152  132  6.08683576633022  0
132  133  5.52233083638831  1
83  135  2.13530125673681  0
63  136  2.13530125673681  0
190  141  0.613592315154257  1
181  174  0.834485548609789  0
260  181  0.9081166264283  0
148  193  6.23409792196725  0
65  204  5.08054436947724  1
157  229  1.66897109721958  1
220  232  1.37444678594553  0
247  234  1.22718463030851  0
93  240  5.05600067687107  0
264  252  1.25172832291468  1
145  265  1.74260217503809  1
241  266  1.42353417115788  0
54  273  5.00691329165873  1
13  278  1.61988371200724  0
44  284  4.56512682474767  0
61  284  5.37506868075129  0
103  303  2.30710710498  1
164  317  1.84077694546277  1
281  322  1.27627201552085  0
52  328  3.19068003880213  1
281  348  1.52170894158256  0
43  368  0  1
260  391  5.17871913990192  0
106  397  5.9395736106932  0
143  412  5.71868037723767  0
230  412  5.49778714378214  0
174  425  5.62050560681299  0
242  425  5.89048622548086  0
200  426  5.66959299202533  0
77  439  6.20955422936108  1
200  442  6.08683576633022  0
168  459  6.11137945893639  1
108  470  0.098174770424681  0
194  470  6.23409792196725  0
