81  126  3.3870295796515  0
120  129  3.3870295796515  0
139  143  0.343611696486384  1
181  149  3.46066065747001  1
117  156  3.19068003880213  0
94  164  0  0
198  168  0.441786466911065  1
173  174  3.48520435007618  1
223  184  3.55883542789469  0
167  196  3.3870295796515  1
177  219  3.3870295796515  0
48  231  5.86594253287469  0
111  240  2.79798095710341  0
66  246  2.60163141625405  1
131  265  2.82252464970958  1
142  271  0.147262155637022  0
221  275  0.613592315154257  0
121  300  2.57708772364788  0
37  310  2.33165079758617  1
131  310  6.18501053675491  0
159  313  3.16613634619596  1
93  320  2.30710710498  1
60  331  5.42415606596363  1
229  333  3.8779034317749  1
112  342  2.18438864194915  0
113  396  1.76714586764426  1
123  420  0.9081166264283  0
114  428  1.30081570812702  1
142  431  4.07425297262426  0
109  449  5.71868037723767  1
84  458  5.32598129553895  0
176  461  3.60792281310703  0
246  462  3.53429173528852  0
94  472  5.9395736106932  0
221  480  3.46066065747001  1
138  481  3.19068003880213  0
219  503  3.19068003880213  0
133  530  0.0490873852123405  0
163  531  3.19068003880213  0
