85  137  3.33794219443916  0
129  143  3.43611696486384  0
146  158  0.441786466911065  1
188  167  3.50974804268235  1
126  170  3.33794219443916  0
99  174  0.147262155637022  0
201  186  0.490873852123405  1
177  192  3.58337912050086  1
228  205  3.55883542789469  0
168  213  3.48520435007618  1
178  237  3.48520435007618  0
46  238  5.89048622548086  0
112  251  2.94524311274043  0
66  252  2.67526249407256  1
128  277  2.92069942013426  1
140  284  0.245436926061703  0
218  296  0.662679700366597  0
116  309  2.67526249407256  0
30  313  2.40528187540469  1
124  320  0.0490873852123405  0
84  328  2.38073818279852  1
144  329  3.19068003880213  0
51  337  5.49778714378214  1
101  351  2.23347602716149  0
219  353  4.00062189480575  1
99  403  1.91440802328128  1
105  427  1.03083508945915  0
96  435  1.3989904785517  1
124  441  4.14788405044277  0
90  455  5.81685514766235  1
64  463  5.37506868075129  0
156  475  3.68155389092554  0
70  478  5.98866099590554  0
222  481  3.6324665057132  0
39  490  5.66959299202533  0
113  490  3.28885480922681  0
197  497  3.55883542789469  1
192  519  3.23976742401447  0
105  539  0.147262155637022  0
133  543  3.28885480922681  0
