170  137  0.589048622548086  1
123  138  3.14159265358979  0
271  150  0.785398163397448  0
247  153  3.92699081698724  1
96  164  2.89615572752809  0
45  165  5.76776776245001  1
181  180  3.75518496874405  0
150  188  0.490873852123405  0
11  209  5.54687452899448  1
22  211  2.38073818279852  0
110  219  2.82252464970958  1
135  229  0.613592315154257  0
76  235  2.38073818279852  0
204  246  1.15355355249  0
107  255  2.57708772364788  0
174  268  4.07425297262426  0
201  274  4.29514620607979  0
239  285  4.29514620607979  0
54  286  5.27689391032661  0
121  291  2.38073818279852  1
94  305  1.91440802328128  0
54  315  1.8162332528566  0
120  317  1.30081570812702  1
103  320  1.76714586764426  0
40  328  1.91440802328128  1
114  339  1.47262155637022  0
67  356  1.8162332528566  0
99  368  1.5707963267949  1
136  377  1.32535940073319  0
73  386  1.91440802328128  0
81  406  1.8162332528566  0
277  406  4.04970928001809  1
12  408  5.12963175468958  0
146  419  4.29514620607979  1
87  428  1.64442740461341  1
44  436  5.17871913990192  0
233  449  3.95153450959341  0
79  455  5.66959299202533  1
116  459  4.07425297262426  0
199  471  3.95153450959341  0
259  472  3.55883542789469  0
179  479  3.95153450959341  0
162  481  3.77972866135022  1
231  484  3.60792281310703  0
119  485  3.60792281310703  0
15  494  5.49778714378214  0
220  500  3.33794219443916  0
67  502  6.08683576633022  0
96  504  3.16613634619596  1
167  507  3.3870295796515  0
37  511  5.71868037723767  0
98  519  0.196349540849362  1
125  519  3.28885480922681  0
207  530  3.14159265358979  0
110  534  3.19068003880213  0
