100  53  2.74889357189107  0
214  97  0.613592315154257  1
168  99  3.14159265358979  0
139  125  2.84706834231575  0
88  128  5.71868037723767  1
228  142  3.77972866135022  0
193  146  0.466330159517235  0
55  174  5.49778714378214  1
67  174  2.35619449019234  0
153  179  2.7243498792849  1
181  187  0.490873852123405  0
121  196  2.33165079758617  0
250  205  1.15355355249  0
152  214  2.4789129532232  0
222  225  4.09879666523043  0
249  236  4.31968989868597  0
284  246  4.27060251347362  0
100  249  5.25235021772044  0
169  249  2.45436926061703  1
141  264  1.96349540849362  0
151  275  1.8162332528566  0
107  276  1.96349540849362  1
23  297  2.03712648631213  0
88  297  1.91440802328128  0
159  297  1.47262155637022  0
113  316  1.86532063806894  0
143  325  1.59534001940107  1
180  337  1.37444678594553  0
117  349  1.91440802328128  0
124  368  1.8162332528566  0
57  371  5.12963175468958  0
188  379  4.34423359129214  1
130  388  1.64442740461341  1
88  398  5.17871913990192  0
271  411  4.07425297262426  0
121  416  5.59596191420682  1
136  417  3.85335973916873  1
157  420  4.07425297262426  0
239  432  3.97607820219958  0
219  440  3.97607820219958  0
204  443  3.77972866135022  1
159  446  3.60792281310703  0
271  448  3.68155389092554  0
56  460  5.4486997585698  0
261  463  3.3870295796515  0
108  464  6.08683576633022  0
137  466  3.16613634619596  1
207  469  3.3870295796515  0
34  471  5.49778714378214  0
77  474  5.71868037723767  0
137  481  0.220893233455532  1
164  481  3.28885480922681  0
247  493  3.19068003880213  0
147  497  3.23976742401447  0
80  506  5.89048622548086  0
114  511  2.92069942013426  1
230  542  2.99433049795277  0
