132  132  5.71868037723767  1
84  157  5.42415606596363  1
235  194  3.53429173528852  0
190  196  0  1
109  203  5.54687452899448  1
142  214  2.4789129532232  1
68  223  5.35052498814512  0
176  223  2.67526249407256  0
225  253  0.711767085578938  0
166  280  5.91502991808703  1
215  281  0.9081166264283  1
32  298  5.30143760293278  1
111  305  5.17871913990192  0
277  314  4.27060251347362  1
93  320  5.05600067687107  0
216  333  1.27627201552085  0
136  341  5.2032628325081  1
179  344  1.07992247467149  0
197  366  1.34990309333936  1
53  389  2.28256341237383  0
178  394  1.84077694546277  1
212  402  1.52170894158256  0
141  429  5.10508806208341  1
214  429  1.61988371200724  1
73  431  5.2032628325081  0
165  437  5.12963175468958  0
247  442  4.17242774304894  0
277  459  3.97607820219958  1
186  463  5.4486997585698  1
72  469  5.49778714378214  0
153  475  5.35052498814512  0
265  483  3.58337912050086  1
88  489  5.54687452899448  0
115  491  5.42415606596363  1
168  492  5.66959299202533  0
94  504  5.71868037723767  0
131  513  5.64504929941916  0
187  530  6.08683576633022  0
130  531  5.89048622548086  0
90  536  6.03774838111788  0
154  541  6.18501053675491  0
