164  105  0.294524311274043  0
96  124  2.50345664582937  1
132  130  2.7243498792849  0
182  163  0.809941856003619  0
121  185  6.13592315154256  0
168  188  0.95720401164064  1
61  210  5.2032628325081  0
43  225  5.05600067687107  0
231  227  4.36877728389831  0
165  237  1.32535940073319  0
86  239  5.27689391032661  1
117  241  2.20893233455532  0
112  265  1.98803910109979  1
143  267  1.32535940073319  1
121  269  1.66897109721958  1
123  296  1.86532063806894  1
159  304  1.52170894158256  0
89  326  5.10508806208341  1
161  330  1.79168956025043  1
110  338  5.17871913990192  0
146  339  5.35052498814512  1
19  341  5.17871913990192  0
197  353  4.17242774304894  0
170  355  3.23976742401447  0
185  361  3.97607820219958  0
21  363  5.35052498814512  0
133  363  5.49778714378214  1
224  371  4.02516558741192  1
99  375  5.32598129553895  0
64  391  5.35052498814512  1
209  391  3.68155389092554  1
115  392  5.64504929941916  0
37  394  5.4486997585698  0
43  407  5.62050560681299  0
79  413  5.57141822160065  0
132  431  6.18501053675491  0
76  433  5.81685514766235  0
39  440  5.9395736106932  0
100  442  6.18501053675491  0
202  444  3.33794219443916  0
120  462  3.14159265358979  0
73  476  6.13592315154256  0
122  502  0.0490873852123405  0
83  523  6.23409792196725  0
