132  19  5.74322406984384  1
131  46  2.33165079758617  0
181  51  0.245436926061703  0
55  58  2.11075756413064  1
91  61  2.11075756413064  0
255  65  4.07425297262426  0
225  66  0.859029241215959  1
116  77  5.39961237335746  1
66  81  2.03712648631213  0
191  91  1.00629139685298  0
164  94  0.269980618667873  1
47  98  5.2032628325081  1
216  107  1.27627201552085  0
135  116  5.59596191420682  1
144  128  1.93895171588745  1
144  144  1.74260217503809  1
258  146  1.42353417115788  1
268  147  1.30081570812702  1
141  156  1.91440802328128  0
211  159  1.59534001940107  1
149  167  1.84077694546277  1
86  169  1.8162332528566  0
243  169  1.49716524897639  1
160  179  1.79168956025043  1
132  185  5.00691329165873  0
114  186  4.88419482862788  1
98  190  1.69351478982575  1
258  192  4.56512682474767  1
68  200  1.76714586764426  0
259  207  1.42353417115788  1
128  208  5.17871913990192  0
138  211  2.15984494934298  1
105  215  4.81056375080937  0
108  225  5.10508806208341  1
77  226  4.81056375080937  0
232  229  1.52170894158256  1
90  230  5.00691329165873  1
162  231  1.98803910109979  0
260  249  1.42353417115788  1
82  250  5.32598129553895  1
164  250  1.93895171588745  1
50  263  5.22780652511427  1
130  265  5.27689391032661  1
171  279  1.96349540849362  0
267  282  1.3989904785517  1
70  286  5.47324345117597  1
18  288  5.4486997585698  0
34  298  5.59596191420682  1
28  311  6.03774838111788  0
186  322  1.98803910109979  0
272  325  1.5707963267949  0
84  331  5.86594253287469  1
273  367  5.15417544729575  0
58  369  0.0490873852123405  0
103  369  6.03774838111788  1
132  373  5.81685514766235  0
154  376  5.52233083638831  1
206  378  5.25235021772044  1
219  383  5.39961237335746  1
264  383  5.86594253287469  0
15  387  0.0736310778185108  1
164  392  5.64504929941916  0
251  399  5.86594253287469  0
169  400  5.79231145505618  1
203  400  5.71868037723767  1
87  424  0.196349540849362  0
182  424  5.98866099590554  1
131  425  0.0490873852123405  0
200  526  6.08683576633022  0
78  545  0.294524311274043  0
