113  17  5.6941366846315  1
111  47  2.23347602716149  0
163  49  0.245436926061703  0
39  59  2.11075756413064  1
238  60  4.04970928001809  0
208  62  0.859029241215959  1
73  63  2.03712648631213  0
99  77  5.39961237335746  1
49  84  1.98803910109979  0
175  89  1.00629139685298  0
148  93  0.245436926061703  1
32  100  5.15417544729575  1
200  104  1.27627201552085  0
120  115  5.59596191420682  1
140  129  1.05537878206532  1
243  141  1.42353417115788  1
130  142  1.71805848243192  1
254  143  1.25172832291468  1
127  155  1.8162332528566  0
196  157  1.54625263418873  1
136  166  1.84077694546277  1
229  167  1.49716524897639  1
73  170  1.76714586764426  0
146  180  1.74260217503809  1
240  182  4.56512682474767  0
102  187  4.81056375080937  1
118  189  5.00691329165873  0
85  190  1.64442740461341  1
56  203  1.76714586764426  0
247  207  1.34990309333936  1
116  208  5.12963175468958  0
126  211  2.13530125673681  1
93  216  4.76147636559703  0
96  226  5.08054436947724  1
65  229  4.81056375080937  0
219  229  1.47262155637022  1
79  230  4.95782590644639  1
150  233  1.98803910109979  0
71  252  5.30143760293278  1
152  252  1.91440802328128  1
255  253  1.47262155637022  0
119  266  5.27689391032661  1
40  267  5.2032628325081  1
160  280  1.91440802328128  0
258  281  1.42353417115788  1
60  289  5.4486997585698  1
25  303  5.52233083638831  1
19  317  5.9395736106932  0
176  323  1.96349540849362  0
264  324  1.5707963267949  0
76  335  5.79231145505618  1
277  339  1.25172832291468  1
275  359  5.71868037723767  1
49  372  0.098174770424681  0
96  372  6.01320468851171  1
124  376  5.74322406984384  0
146  378  5.49778714378214  1
198  379  5.17871913990192  1
257  381  5.89048622548086  0
211  383  5.35052498814512  1
158  392  5.62050560681299  0
168  395  5.52233083638831  0
243  399  5.86594253287469  0
196  401  5.64504929941916  1
175  426  5.91502991808703  1
81  428  0.147262155637022  0
124  428  0  0
192  529  6.03774838111788  0
