122  90  5.9395736106932  0
237  109  0.269980618667873  1
134  118  2.7243498792849  0
208  128  0.319068003880213  1
129  138  5.9395736106932  1
244  181  0.662679700366597  1
150  203  6.16046684414874  1
83  241  5.2032628325081  0
204  243  0.9081166264283  0
147  254  5.86594253287469  1
221  272  4.1233403578366  1
243  281  1.22718463030851  0
152  283  0  1
190  289  1.22718463030851  1
63  293  2.01258279370596  0
153  294  1.91440802328128  0
155  322  1.66897109721958  1
50  331  5.12963175468958  1
173  335  1.52170894158256  0
179  335  1.34990309333936  1
268  336  4.34423359129214  1
162  353  1.61988371200724  0
127  357  1.91440802328128  0
168  392  1.79168956025043  1
280  398  4.1233403578366  1
180  401  1.25172832291468  1
239  410  4.09879666523043  0
178  424  5.6941366846315  1
118  425  5.2032628325081  0
223  430  3.8779034317749  0
87  432  5.30143760293278  1
209  435  3.73064127613788  1
279  437  3.95153450959341  1
155  441  5.62050560681299  0
13  452  5.42415606596363  0
127  453  5.42415606596363  0
137  456  5.57141822160065  1
196  464  0.343611696486384  0
142  470  5.91502991808703  1
224  471  3.53429173528852  1
275  473  3.68155389092554  0
78  481  5.71868037723767  0
41  486  5.66959299202533  0
213  489  3.33794219443916  0
96  497  5.86594253287469  1
124  500  6.08683576633022  0
43  505  5.89048622548086  0
87  530  6.25864161457342  1
136  532  0.196349540849362  0
133  542  0.368155389092554  1
