73  152  5.9395736106932  0
204  168  3.43611696486384  0
186  173  0.319068003880213  1
85  178  2.67526249407256  0
159  193  0.392699081698724  0
81  198  5.9395736106932  1
195  245  0.760854470791278  0
244  255  3.85335973916873  0
109  266  0  0
39  301  5.2032628325081  0
158  303  0.95720401164064  0
105  306  6.08683576633022  0
174  333  4.14788405044277  1
196  342  1.27627201552085  0
107  344  0.0490873852123405  1
255  348  1.07992247467149  1
18  351  1.96349540849362  0
144  351  1.25172832291468  1
109  354  1.98803910109979  0
113  390  1.76714586764426  0
126  394  1.5707963267949  0
219  398  4.36877728389831  1
133  399  1.3989904785517  1
115  413  1.61988371200724  0
80  418  1.91440802328128  0
120  451  1.76714586764426  1
230  459  4.14788405044277  1
132  464  1.25172832291468  1
191  473  4.09879666523043  0
130  486  5.6941366846315  1
69  489  5.2032628325081  0
39  493  5.35052498814512  1
175  493  3.8779034317749  0
229  498  3.95153450959341  1
107  502  5.64504929941916  0
78  515  5.42415606596363  0
88  519  5.57141822160065  1
146  526  0.343611696486384  0
92  532  5.96411730329937  1
174  533  3.53429173528852  1
