184  52  0.245436926061703  0
82  60  2.11075756413064  0
235  72  3.75518496874405  1
140  86  2.30710710498  0
107  90  5.35052498814512  0
242  92  0.98174770424681  1
278  110  4.19697143565511  1
81  111  1.91440802328128  1
207  112  3.60792281310703  1
100  140  1.93895171588745  1
34  144  1.98803910109979  0
195  148  3.23976742401447  1
261  148  4.24605882086745  0
159  155  5.30143760293278  1
71  157  5.05600067687107  1
105  165  1.71805848243192  1
122  170  1.61988371200724  1
201  174  3.33794219443916  1
190  185  1.91440802328128  0
73  188  1.84077694546277  1
26  194  5.05600067687107  1
194  202  1.42353417115788  1
269  207  4.17242774304894  1
171  226  4.68784528777852  1
218  233  1.10446616727766  1
109  246  1.5707963267949  1
91  248  1.66897109721958  1
78  273  1.79168956025043  1
40  275  1.98803910109979  0
195  275  1.10446616727766  1
144  276  4.56512682474767  0
161  284  1.17809724509617  1
33  307  5.2032628325081  0
148  313  1.10446616727766  1
88  322  1.61988371200724  0
174  322  4.24605882086745  0
73  333  2.18438864194915  0
105  334  1.03083508945915  1
132  339  4.24605882086745  0
72  348  5.05600067687107  0
85  352  5.74322406984384  1
102  359  3.95153450959341  1
140  359  3.95153450959341  0
237  364  3.6324665057132  0
57  365  5.79231145505618  0
216  367  3.77972866135022  1
267  367  3.3870295796515  0
167  372  3.95153450959341  1
195  378  3.75518496874405  0
56  383  6.13592315154256  0
176  394  3.55883542789469  1
156  404  3.55883542789469  1
81  405  3.19068003880213  0
200  421  3.23976742401447  0
271  434  2.99433049795277  0
