223  87  4.00062189480575  0
200  108  0.93266031903447  0
216  118  3.95153450959341  0
189  122  3.97607820219958  1
76  132  0.245436926061703  0
16  143  2.52800033843554  1
125  152  3.77972866135022  1
32  165  2.28256341237383  0
132  172  0.93266031903447  1
168  188  4.19697143565511  1
98  193  3.60792281310703  1
153  226  4.14788405044277  0
89  231  3.26431111662064  1
54  238  5.17871913990192  1
201  248  4.22151512826128  1
19  252  1.5707963267949  1
95  256  3.31339850183298  1
85  266  1.8162332528566  0
91  284  1.3989904785517  1
163  285  4.1233403578366  1
207  298  4.09879666523043  0
70  312  4.56512682474767  1
115  314  1.05537878206532  1
227  326  3.8779034317749  0
10  328  1.47262155637022  1
254  348  3.55883542789469  0
46  357  4.51603943953533  0
96  359  1.03083508945915  1
62  366  1.12900985988383  1
199  371  3.75518496874405  0
260  378  3.28885480922681  0
52  396  1.07992247467149  1
189  401  3.43611696486384  1
78  405  4.22151512826128  0
270  409  3.09250526837745  0
244  416  3.09250526837745  0
38  422  4.22151512826128  0
46  442  3.95153450959341  0
139  443  3.6324665057132  0
173  446  3.33794219443916  0
120  448  3.80427235395639  1
73  454  3.92699081698724  1
265  456  2.82252464970958  1
103  460  3.68155389092554  0
27  461  3.82881604656256  1
82  475  3.50974804268235  1
187  482  3.04341788316511  0
64  486  3.55883542789469  1
238  489  2.89615572752809  0
108  502  3.23976742401447  0
180  511  2.89615572752809  0
