67  46  6.13592315154256  0
168  76  0.490873852123405  0
84  89  2.79798095710341  0
143  96  3.33794219443916  0
37  107  5.86594253287469  0
56  121  2.57708772364788  1
219  134  3.85335973916873  1
144  187  0.638136007760427  1
94  190  2.65071880146639  0
90  210  2.38073818279852  0
127  242  3.04341788316511  1
205  249  4.24605882086745  1
128  252  1.07992247467149  0
122  280  1.5707963267949  0
117  281  1.71805848243192  0
235  287  1.15355355249  0
130  294  1.37444678594553  0
17  300  1.86532063806894  0
100  305  1.71805848243192  1
76  310  1.71805848243192  1
141  321  1.32535940073319  0
42  322  1.8162332528566  0
109  327  1.61988371200724  0
125  330  1.3989904785517  1
52  341  1.8162332528566  0
146  356  4.46695205432299  1
19  357  5.08054436947724  1
155  362  1.32535940073319  0
113  400  1.42353417115788  0
93  404  1.61988371200724  0
71  408  1.8162332528566  0
79  431  1.76714586764426  0
119  431  4.46695205432299  0
83  449  1.59534001940107  1
185  482  4.17242774304894  0
123  486  4.19697143565511  1
196  489  0.613592315154257  0
54  491  5.22780652511427  1
82  493  1.86532063806894  0
173  499  4.14788405044277  0
152  516  3.90244712438107  0
135  533  3.68155389092554  1
185  541  3.43611696486384  0
