165  84  0.392699081698724  0
82  103  2.74889357189107  0
141  105  3.23976742401447  0
36  123  5.86594253287469  0
219  134  3.70609758353171  1
57  137  2.52800033843554  1
152  194  0.564504929941916  1
100  203  2.52800033843554  0
98  224  2.30710710498  0
18  244  5.17871913990192  1
217  247  4.1233403578366  1
139  249  2.92069942013426  1
142  259  0.98174770424681  0
253  281  1.00629139685298  0
144  286  1.25172832291468  1
134  288  1.66897109721958  0
148  301  1.22718463030851  0
119  311  1.61988371200724  1
33  317  1.76714586764426  0
94  321  1.54625263418873  1
156  324  1.12900985988383  1
130  333  1.52170894158256  0
146  333  1.30081570812702  1
62  340  1.76714586764426  0
74  350  1.66897109721958  0
171  359  4.34423359129214  1
180  362  1.17809724509617  0
44  366  4.95782590644639  1
143  403  1.27627201552085  0
123  409  1.47262155637022  0
102  412  1.71805848243192  0
151  430  4.41786466911065  0
113  436  1.66897109721958  0
118  453  1.42353417115788  1
228  478  3.97607820219958  0
237  481  0.490873852123405  0
127  492  1.32535940073319  1
214  492  3.97607820219958  0
94  494  5.15417544729575  1
133  511  0.638136007760427  0
197  512  3.75518496874405  0
177  522  3.55883542789469  0
100  523  5.89048622548086  0
