143  103  2.89615572752809  0
181  107  0.392699081698724  0
160  116  3.09250526837745  0
139  117  6.23409792196725  0
103  124  2.38073818279852  0
188  136  0.638136007760427  0
239  141  3.77972866135022  0
243  164  0.93266031903447  0
175  167  3.3870295796515  0
60  176  5.25235021772044  0
220  181  3.97607820219958  1
22  185  1.93895171588745  1
134  193  2.18438864194915  1
171  199  3.19068003880213  0
51  205  1.91440802328128  0
84  207  1.74260217503809  1
158  209  2.28256341237383  1
172  221  1.05537878206532  1
164  224  1.76714586764426  1
241  228  1.32535940073319  1
171  242  1.07992247467149  0
259  254  1.27627201552085  0
214  256  1.3989904785517  1
44  274  1.59534001940107  1
27  275  4.85965113602171  0
167  283  0.809941856003619  1
187  283  4.00062189480575  0
236  291  1.52170894158256  0
128  296  1.17809724509617  1
188  297  3.75518496874405  0
196  298  5.00691329165873  0
119  304  1.30081570812702  1
162  310  0.93266031903447  0
232  316  1.76714586764426  0
217  318  2.15984494934298  0
246  327  1.64442740461341  1
26  329  1.71805848243192  0
118  335  1.32535940073319  0
78  341  1.47262155637022  0
258  342  1.47262155637022  1
47  361  1.5707963267949  0
237  375  5.17871913990192  0
20  383  1.8162332528566  0
76  386  4.56512682474767  0
237  396  5.91502991808703  1
144  397  4.14788405044277  0
198  398  6.20955422936108  1
238  409  6.20955422936108  1
98  422  4.17242774304894  0
28  428  1.76714586764426  1
65  444  3.85335973916873  1
32  447  3.65701019831937  1
145  452  3.58337912050086  1
59  454  3.3870295796515  0
175  456  0.0736310778185108  1
97  458  3.53429173528852  0
55  460  0.245436926061703  0
207  467  3.19068003880213  1
106  525  3.23976742401447  0
