101  102  2.89615572752809  0
136  107  0.343611696486384  0
228  108  3.8779034317749  1
122  113  3.19068003880213  1
94  114  6.16046684414874  1
62  122  2.4789129532232  0
144  131  0.589048622548086  1
196  140  3.77972866135022  0
200  163  0.9081166264283  0
133  169  3.3870295796515  0
16  177  5.2032628325081  0
178  182  3.95153450959341  1
244  185  1.00629139685298  1
91  195  2.13530125673681  1
42  206  1.79168956025043  1
135  210  3.43611696486384  1
116  211  2.25801971976766  1
130  223  1.07992247467149  1
122  226  1.8162332528566  1
194  230  1.32535940073319  0
128  243  1.15355355249  0
218  247  1.22718463030851  1
145  257  4.36877728389831  1
170  257  1.3989904785517  1
140  267  4.22151512826128  0
121  283  0.834485548609789  1
141  284  4.07425297262426  0
192  289  1.52170894158256  0
83  298  1.20264093770234  1
74  312  1.25172832291468  1
117  312  0.93266031903447  0
188  314  1.76714586764426  0
174  317  2.18438864194915  0
202  325  1.59534001940107  1
73  338  1.37444678594553  0
32  340  1.47262155637022  0
215  340  1.42353417115788  1
220  351  1.17809724509617  1
193  373  5.2032628325081  0
249  376  4.02516558741192  1
221  377  3.73064127613788  1
32  386  4.51603943953533  0
195  392  5.91502991808703  1
220  394  3.01887419055894  1
98  395  4.09879666523043  0
154  398  6.11137945893639  1
196  406  6.08683576633022  1
209  417  3.09250526837745  0
54  421  4.14788405044277  0
21  440  3.92699081698724  1
198  442  3.06796157577128  1
101  449  3.53429173528852  1
51  454  3.55883542789469  0
132  454  6.23409792196725  1
165  462  3.11704896098362  1
179  499  3.14159265358979  0
63  520  3.28885480922681  0
142  521  0  0
