210  84  3.75518496874405  1
204  92  0.809941856003619  0
100  96  3.09250526837745  0
89  130  2.94524311274043  0
101  142  0.098174770424681  0
60  170  2.40528187540469  1
230  181  1.00629139685298  1
204  199  1.12900985988383  1
121  205  3.3870295796515  0
25  228  5.25235021772044  1
56  249  5.30143760293278  1
84  255  5.71868037723767  1
71  279  2.0616701789183  1
142  279  1.37444678594553  0
47  289  2.18438864194915  1
165  291  4.22151512826128  0
187  293  4.27060251347362  1
211  303  4.29514620607979  0
174  315  3.73064127613788  1
200  319  4.02516558741192  1
166  320  2.94524311274043  0
55  324  5.30143760293278  1
21  329  5.4486997585698  0
130  345  5.52233083638831  1
178  345  2.99433049795277  1
245  350  3.95153450959341  1
224  358  3.6324665057132  0
208  369  3.19068003880213  0
243  370  3.33794219443916  0
66  387  5.57141822160065  1
218  399  2.94524311274043  0
265  399  3.04341788316511  0
29  413  5.71868037723767  0
36  426  5.79231145505618  0
107  435  2.69980618667873  1
88  439  5.81685514766235  1
92  474  5.6941366846315  1
201  505  5.89048622548086  0
196  513  2.74889357189107  0
