225  38  3.70609758353171  1
220  46  0.785398163397448  0
117  56  3.09250526837745  0
108  90  2.89615572752809  0
122  101  0.098174770424681  0
81  132  2.33165079758617  1
249  135  0.98174770424681  1
224  154  1.10446616727766  1
143  164  3.33794219443916  0
49  190  5.25235021772044  1
82  210  5.22780652511427  1
108  217  5.64504929941916  1
166  238  1.32535940073319  0
96  241  1.96349540849362  1
74  250  2.08621387152447  1
189  250  4.22151512826128  0
211  251  4.22151512826128  1
234  259  4.29514620607979  0
199  274  3.70609758353171  1
224  276  4.00062189480575  1
192  280  2.99433049795277  0
82  288  5.25235021772044  1
51  291  5.35052498814512  0
243  294  3.90244712438107  0
268  304  3.92699081698724  1
157  305  5.49778714378214  1
205  305  3.04341788316511  1
247  314  3.60792281310703  0
271  326  3.28885480922681  0
233  327  3.14159265358979  0
20  347  5.49778714378214  0
96  349  5.57141822160065  1
246  357  2.94524311274043  0
54  375  5.66959299202533  1
66  390  5.79231145505618  0
138  397  2.65071880146639  1
23  400  5.89048622548086  0
118  402  5.76776776245001  1
42  438  5.98866099590554  0
121  438  5.6941366846315  1
57  448  6.01320468851171  1
88  458  5.91502991808703  1
233  463  5.86594253287469  0
127  471  5.81685514766235  0
