171  60  3.23976742401447  0
80  76  6.03774838111788  0
118  110  2.89615572752809  0
128  121  6.23409792196725  0
256  145  3.90244712438107  0
35  154  2.38073818279852  1
238  167  3.8779034317749  0
127  169  2.84706834231575  0
142  197  6.23409792196725  0
206  207  0.9081166264283  1
153  218  2.89615572752809  0
211  232  3.95153450959341  1
28  242  2.03712648631213  0
162  246  2.89615572752809  0
200  253  1.07992247467149  0
94  272  1.8162332528566  0
177  274  3.14159265358979  1
61  278  1.86532063806894  0
28  279  5.05600067687107  0
161  282  6.25864161457342  1
263  288  4.17242774304894  1
181  294  3.3870295796515  1
80  299  1.71805848243192  1
175  320  1.00629139685298  0
172  329  1.17809724509617  0
262  341  4.22151512826128  0
44  344  1.8162332528566  0
133  345  1.27627201552085  1
104  373  1.37444678594553  0
257  375  4.22151512826128  0
190  389  4.17242774304894  1
87  397  1.47262155637022  0
57  400  1.71805848243192  0
262  414  3.90244712438107  0
168  415  4.22151512826128  0
76  416  1.47262155637022  0
113  419  4.36877728389831  1
233  429  3.85335973916873  1
64  442  1.71805848243192  0
277  450  3.70609758353171  1
148  465  3.90244712438107  0
110  468  3.95153450959341  0
66  470  4.90873852123405  0
77  471  5.59596191420682  1
247  472  3.3870295796515  0
183  475  3.73064127613788  1
68  493  5.81685514766235  0
90  495  2.74889357189107  0
220  499  3.3870295796515  0
258  507  3.19068003880213  0
178  516  3.36248588704533  1
137  517  3.53429173528852  0
