152  128  3.09250526837745  0
35  154  2.60163141625405  0
64  155  5.9395736106932  0
103  182  2.7243498792849  0
110  193  6.08683576633022  0
243  203  3.77972866135022  0
227  226  3.75518496874405  0
28  235  2.40528187540469  1
118  240  2.7243498792849  0
136  266  6.13592315154256  0
202  271  0.785398163397448  1
147  288  2.79798095710341  0
207  292  3.80427235395639  1
160  314  2.79798095710341  0
198  314  0.9081166264283  0
25  318  1.98803910109979  0
168  331  2.60163141625405  0
267  338  4.02516558741192  1
166  341  0.0490873852123405  0
95  345  1.76714586764426  0
61  354  1.86532063806894  0
26  357  5.00691329165873  0
187  359  3.3870295796515  1
82  371  1.69351478982575  1
182  384  0.859029241215959  0
271  388  4.09879666523043  0
181  395  1.07992247467149  0
141  417  1.12900985988383  1
45  421  1.66897109721958  0
269  423  4.09879666523043  0
110  441  1.27627201552085  0
278  462  3.77972866135022  0
94  467  1.32535940073319  0
64  468  1.61988371200724  0
183  477  4.04970928001809  0
250  480  3.68155389092554  1
85  488  1.37444678594553  0
130  488  4.22151512826128  0
75  509  1.61988371200724  0
264  520  3.28885480922681  0
194  522  3.6324665057132  0
165  527  3.70609758353171  0
122  532  3.8779034317749  0
