154  172  3.43611696486384  0
194  173  0.834485548609789  0
146  174  0.466330159517235  0
188  191  3.92699081698724  0
55  204  5.71868037723767  0
131  205  0.539961237335746  0
76  210  2.40528187540469  0
105  213  2.7243498792849  0
155  220  3.70609758353171  0
212  228  0.98174770424681  1
77  229  5.66959299202533  0
241  233  4.07425297262426  0
114  236  0.294524311274043  1
104  251  2.57708772364788  1
26  266  1.91440802328128  0
114  286  2.42982556801086  1
206  313  4.17242774304894  0
81  316  1.71805848243192  1
55  345  1.61988371200724  1
136  364  1.32535940073319  0
35  396  1.5707963267949  0
17  422  1.66897109721958  1
67  496  4.24605882086745  0
269  497  3.43611696486384  0
240  507  3.53429173528852  0
199  512  3.48520435007618  1
133  514  3.95153450959341  1
260  515  6.23409792196725  0
85  521  3.90244712438107  0
244  521  3.43611696486384  1
156  527  3.60792281310703  0
68  531  3.77972866135022  1
225  533  3.28885480922681  1
118  538  3.68155389092554  0
90  548  3.60792281310703  1
