191  149  0.95720401164064  0
183  168  4.04970928001809  0
70  175  2.52800033843554  0
125  178  0.613592315154257  0
99  183  2.84706834231575  0
68  195  5.81685514766235  0
148  196  3.85335973916873  0
201  205  1.00629139685298  1
104  206  0.368155389092554  1
232  216  4.22151512826128  0
95  222  2.74889357189107  1
101  255  2.40528187540469  1
61  284  1.76714586764426  0
189  298  4.31968989868597  1
37  311  1.64442740461341  1
117  336  1.42353417115788  0
14  364  1.5707963267949  0
42  465  4.29514620607979  0
252  469  3.60792281310703  0
238  483  3.48520435007618  0
105  490  4.04970928001809  1
166  491  3.60792281310703  1
58  493  3.95153450959341  0
209  493  3.70609758353171  0
41  498  3.90244712438107  0
223  501  0.098174770424681  0
205  504  3.6324665057132  1
124  505  3.80427235395639  0
90  515  3.85335973916873  0
57  516  3.70609758353171  0
37  517  3.58337912050086  1
193  517  3.43611696486384  1
199  533  3.11704896098362  1
96  536  3.48520435007618  0
136  540  3.48520435007618  0
