148  160  0.490873852123405  0
98  194  0.245436926061703  0
11  210  2.03712648631213  0
73  217  6.13592315154256  0
119  245  0.95720401164064  0
33  247  2.01258279370596  1
92  281  1.22718463030851  0
86  291  1.69351478982575  1
181  292  1.37444678594553  0
140  299  1.49716524897639  1
22  303  4.93328221384022  1
56  305  5.27689391032661  1
101  328  1.86532063806894  0
128  339  1.66897109721958  1
24  350  4.85965113602171  0
211  351  1.32535940073319  0
164  358  1.52170894158256  0
40  375  4.90873852123405  1
66  380  5.25235021772044  0
82  380  2.23347602716149  1
47  383  5.17871913990192  0
22  384  4.51603943953533  0
179  406  1.5707963267949  0
120  413  2.01258279370596  1
93  414  2.33165079758617  1
207  425  1.37444678594553  0
51  473  5.9395736106932  0
