162  110  0.0490873852123405  0
201  199  0.466330159517235  0
151  230  0.245436926061703  0
30  234  2.11075756413064  0
63  250  2.03712648631213  0
127  253  6.13592315154256  0
51  274  5.17871913990192  0
175  281  0.98174770424681  0
88  287  2.01258279370596  1
148  316  1.22718463030851  0
237  328  1.32535940073319  0
143  329  1.76714586764426  1
195  335  1.42353417115788  1
112  343  5.27689391032661  1
77  344  4.93328221384022  1
50  346  1.71805848243192  0
157  365  1.86532063806894  0
184  375  1.66897109721958  1
132  381  5.10508806208341  0
269  387  1.32535940073319  0
80  388  4.81056375080937  0
58  396  1.52170894158256  0
221  396  1.52170894158256  0
138  417  2.25801971976766  1
76  420  4.56512682474767  0
84  425  4.66330159517235  0
92  427  5.25235021772044  0
236  441  1.52170894158256  0
176  450  2.03712648631213  1
146  454  2.40528187540469  1
84  469  6.18501053675491  0
105  507  6.03774838111788  0
