160  54  2.89615572752809  0
100  56  5.6941366846315  1
215  61  0.417242774304894  1
91  75  2.40528187540469  1
126  79  5.81685514766235  1
163  88  2.89615572752809  1
251  108  3.80427235395639  0
208  124  0.736310778185108  0
113  134  2.23347602716149  0
60  150  5.25235021772044  1
80  154  5.35052498814512  1
44  156  2.18438864194915  1
203  157  0.95720401164064  0
144  158  6.01320468851171  1
101  160  5.42415606596363  1
180  170  0.859029241215959  0
58  201  2.03712648631213  0
159  201  0.883572933822129  1
236  213  1.27627201552085  0
216  228  1.30081570812702  1
41  244  5.17871913990192  1
250  244  4.34423359129214  1
121  246  5.12963175468958  1
113  249  4.85965113602171  0
163  249  1.66897109721958  1
95  250  1.79168956025043  1
126  270  5.27689391032661  1
193  272  1.66897109721958  1
102  282  5.0314569842649  1
220  288  1.47262155637022  0
260  291  1.17809724509617  0
140  294  2.4789129532232  1
110  295  5.62050560681299  1
88  296  4.95782590644639  0
98  300  5.39961237335746  1
249  314  1.34990309333936  1
88  317  5.57141822160065  1
217  322  1.76714586764426  0
56  329  5.32598129553895  1
86  336  5.89048622548086  1
238  337  1.5707963267949  0
62  344  5.6941366846315  1
101  371  5.98866099590554  1
220  371  5.17871913990192  0
264  376  4.14788405044277  1
218  386  5.89048622548086  1
149  389  6.03774838111788  0
269  391  3.48520435007618  0
191  422  5.89048622548086  0
118  440  6.16046684414874  1
140  461  3.04341788316511  0
188  467  0.098174770424681  1
