107  17  2.89615572752809  1
214  23  3.95153450959341  0
54  51  2.35619449019234  1
197  55  3.92699081698724  1
152  59  0.809941856003619  0
55  61  2.30710710498  0
21  78  5.39961237335746  1
44  84  5.4486997585698  1
85  87  6.06229207372405  1
143  90  1.00629139685298  0
119  100  0.95720401164064  0
96  130  0.93266031903447  1
172  148  1.37444678594553  0
83  153  1.37444678594553  0
151  162  1.44807786376405  1
80  167  1.96349540849362  0
57  170  5.25235021772044  1
243  175  4.29514620607979  1
29  179  1.91440802328128  1
50  180  5.00691329165873  1
182  180  4.46695205432299  1
100  184  1.8162332528566  0
60  197  5.25235021772044  1
36  205  5.05600067687107  1
124  205  1.74260217503809  1
149  220  1.52170894158256  0
41  221  5.6941366846315  1
19  223  5.05600067687107  0
69  223  2.52800033843554  1
29  226  5.47324345117597  1
189  230  1.32535940073319  0
18  242  5.64504929941916  1
176  253  1.37444678594553  1
144  257  1.86532063806894  0
13  262  5.98866099590554  1
163  273  1.5707963267949  0
27  298  6.01320468851171  1
86  304  2.67526249407256  0
134  306  5.47324345117597  1
90  308  5.57141822160065  0
188  315  4.14788405044277  1
69  320  6.03774838111788  0
139  321  6.01320468851171  1
191  330  3.58337912050086  0
113  354  6.03774838111788  0
207  356  3.53429173528852  0
43  374  0.0490873852123405  0
66  392  3.04341788316511  0
115  401  0.098174770424681  1
147  420  3.23976742401447  0
152  424  0.0490873852123405  0
147  436  3.2152237314083  1
123  440  3.06796157577128  1
251  522  1.52170894158256  0
259  524  4.61421420996001  0
