202  166  3.53429173528852  0
232  179  0.859029241215959  1
235  196  3.90244712438107  0
89  200  5.42415606596363  1
187  203  3.23976742401447  0
138  209  5.76776776245001  1
150  220  2.35619449019234  0
159  232  2.28256341237383  1
116  237  2.11075756413064  1
240  245  4.04970928001809  1
252  251  1.03083508945915  0
153  252  5.74322406984384  0
180  255  2.87161203492192  1
204  256  3.77972866135022  0
226  267  1.03083508945915  0
178  287  0.245436926061703  0
208  288  3.80427235395639  1
106  292  5.00691329165873  1
249  297  4.14788405044277  1
205  302  3.60792281310703  1
128  311  1.86532063806894  1
188  316  1.76714586764426  1
209  324  3.70609758353171  1
189  326  1.30081570812702  1
202  331  0.859029241215959  0
191  333  1.52170894158256  0
45  349  5.2032628325081  1
107  353  1.96349540849362  0
220  361  4.14788405044277  1
113  373  1.8162332528566  0
125  374  1.3989904785517  1
215  390  4.1233403578366  1
116  399  1.32535940073319  1
144  413  4.22151512826128  0
113  416  5.76776776245001  1
132  424  3.8779034317749  1
73  425  5.47324345117597  0
178  435  4.07425297262426  0
215  436  3.92699081698724  1
266  436  3.65701019831937  1
97  443  5.9395736106932  1
76  453  5.81685514766235  0
164  458  3.85335973916873  1
220  476  3.6324665057132  1
173  481  3.68155389092554  1
231  489  3.3870295796515  0
279  491  3.23976742401447  0
196  510  3.3870295796515  0
272  519  3.09250526837745  0
128  539  3.14159265358979  0
