109  49  3.01887419055894  1
166  110  3.48520435007618  0
195  121  0.834485548609789  1
273  121  3.8779034317749  1
202  142  3.90244712438107  0
52  146  5.4486997585698  1
156  146  3.31339850183298  1
102  155  5.76776776245001  1
115  165  2.30710710498  0
124  178  2.23347602716149  1
81  185  2.11075756413064  1
207  188  4.00062189480575  1
220  194  1.03083508945915  0
170  197  3.6324665057132  0
119  198  5.6941366846315  0
146  198  2.79798095710341  1
192  202  0.95720401164064  1
264  228  4.00062189480575  0
177  230  3.77972866135022  1
72  239  5.00691329165873  1
219  239  4.07425297262426  1
257  241  3.95153450959341  0
174  245  3.65701019831937  1
97  256  1.86532063806894  1
158  262  1.71805848243192  0
179  266  3.75518496874405  1
163  267  0.95720401164064  0
171  271  0.834485548609789  0
161  275  1.47262155637022  0
171  294  0.98174770424681  1
97  297  1.66897109721958  0
75  300  1.91440802328128  0
191  300  4.07425297262426  1
87  318  1.71805848243192  1
100  322  1.27627201552085  0
187  330  4.07425297262426  1
88  344  1.27627201552085  1
117  357  4.14788405044277  0
86  362  5.71868037723767  1
105  369  3.80427235395639  1
242  372  3.58337912050086  1
189  375  3.90244712438107  1
152  376  3.97607820219958  0
71  389  5.91502991808703  1
139  395  3.80427235395639  0
274  395  3.31339850183298  1
197  413  3.55883542789469  1
151  421  3.55883542789469  1
210  425  3.28885480922681  0
257  425  3.23976742401447  0
174  446  3.23976742401447  0
251  452  3.04341788316511  0
105  482  3.09250526837745  0
208  491  3.09250526837745  0
115  497  0.0490873852123405  0
235  509  2.7243498792849  1
