83  81  5.66959299202533  1
48  107  2.35619449019234  0
242  113  3.92699081698724  1
107  136  5.79231145505618  1
228  143  0.95720401164064  0
176  147  0.809941856003619  0
217  179  4.17242774304894  0
129  203  2.40528187540469  1
80  206  5.25235021772044  1
166  216  3.85335973916873  1
162  227  3.70609758353171  0
217  230  4.22151512826128  0
117  242  5.6941366846315  1
88  243  5.25235021772044  1
268  249  4.07425297262426  0
155  262  3.60792281310703  1
129  263  0.122718463030851  1
151  278  3.58337912050086  1
131  283  2.35619449019234  0
246  283  3.90244712438107  1
156  291  2.99433049795277  0
191  302  3.80427235395639  1
74  307  5.35052498814512  0
95  311  5.35052498814512  0
178  323  3.36248588704533  1
216  326  3.73064127613788  1
261  331  3.68155389092554  0
249  343  3.55883542789469  0
25  344  5.81685514766235  0
79  351  5.66959299202533  0
227  364  3.43611696486384  0
41  365  5.86594253287469  0
98  367  5.89048622548086  0
238  403  3.26431111662064  1
122  407  0  1
62  408  6.08683576633022  0
138  413  3.14159265358979  1
80  417  6.16046684414874  1
251  428  3.09250526837745  0
134  443  0  1
242  449  0.147262155637022  0
138  455  3.09250526837745  0
80  477  3.09250526837745  0
116  478  0  0
