122  81  5.79231145505618  1
165  88  2.79798095710341  1
123  126  5.66959299202533  1
52  131  2.25801971976766  1
76  169  5.35052498814512  1
149  180  5.71868037723767  1
272  182  0.9081166264283  0
220  183  0.760854470791278  1
101  206  5.25235021772044  0
104  210  2.08621387152447  0
30  220  2.23347602716149  1
261  222  4.09879666523043  1
159  237  5.76776776245001  1
157  245  2.13530125673681  0
171  246  2.30710710498  1
126  249  5.2032628325081  1
212  257  3.85335973916873  1
33  259  5.42415606596363  1
208  268  3.70609758353171  0
264  271  4.17242774304894  0
164  283  5.66959299202533  1
135  286  5.22780652511427  1
63  289  5.37506868075129  0
202  303  3.60792281310703  1
176  304  0.122718463030851  1
198  318  3.53429173528852  1
180  324  2.35619449019234  0
205  331  2.94524311274043  0
239  342  3.80427235395639  1
123  349  5.32598129553895  0
144  353  5.32598129553895  0
227  363  3.33794219443916  1
264  364  3.70609758353171  1
78  387  5.74322406984384  0
129  393  5.64504929941916  0
73  394  2.74889357189107  0
278  403  3.43611696486384  0
143  407  5.81685514766235  1
91  408  5.81685514766235  0
72  433  5.98866099590554  0
174  448  0  1
114  450  6.03774838111788  0
189  454  3.16613634619596  1
131  459  6.13592315154256  1
188  483  0  1
191  495  3.09250526837745  0
102  499  6.18501053675491  0
136  519  3.09250526837745  0
168  519  0  0
88  520  3.06796157577128  1
