196  124  0.417242774304894  0
153  135  2.52800033843554  1
161  153  6.03774838111788  0
57  154  5.22780652511427  1
98  181  5.25235021772044  1
168  206  0  1
271  220  1.32535940073319  0
244  221  4.29514620607979  1
161  237  0.220893233455532  1
240  241  1.3989904785517  1
163  248  1.61988371200724  0
167  248  1.37444678594553  0
211  255  1.52170894158256  0
153  262  1.8162332528566  1
50  263  2.03712648631213  0
56  265  4.95782590644639  0
181  277  1.66897109721958  1
36  285  5.15417544729575  1
108  290  1.84077694546277  1
59  294  2.01258279370596  1
234  302  1.47262155637022  1
153  327  1.86532063806894  1
247  331  1.52170894158256  1
38  356  5.22780652511427  1
84  357  5.12963175468958  1
267  370  1.32535940073319  0
197  384  1.86532063806894  0
257  405  1.52170894158256  0
223  413  1.84077694546277  1
144  416  2.13530125673681  0
81  430  5.4486997585698  0
152  433  5.25235021772044  1
30  438  5.64504929941916  1
50  461  5.62050560681299  0
133  462  5.47324345117597  1
229  462  5.05600067687107  0
72  464  5.71868037723767  0
95  468  5.64504929941916  0
115  479  5.71868037723767  1
149  489  5.64504929941916  1
102  500  5.98866099590554  1
175  501  5.66959299202533  1
150  504  5.86594253287469  1
126  516  0  0
175  516  6.06229207372405  1
