157  62  0  0
66  66  5.42415606596363  1
37  112  1.93895171588745  1
173  126  0.245436926061703  1
135  135  2.45436926061703  1
143  155  5.9395736106932  0
40  156  5.15417544729575  1
80  184  5.27689391032661  1
159  201  0.147262155637022  0
234  211  4.1233403578366  1
231  234  1.25172832291468  1
147  240  0.0736310778185108  1
201  250  1.42353417115788  0
155  251  1.37444678594553  0
140  262  1.88986433067511  1
38  266  5.00691329165873  0
169  270  1.59534001940107  1
92  289  1.86532063806894  1
41  293  2.03712648631213  1
228  294  1.49716524897639  1
243  323  1.49716524897639  1
138  331  1.91440802328128  1
19  353  5.25235021772044  1
66  356  5.17871913990192  1
189  376  1.91440802328128  0
218  406  1.86532063806894  1
130  413  2.18438864194915  0
65  426  5.47324345117597  0
141  426  5.25235021772044  1
34  453  5.66959299202533  0
122  453  5.49778714378214  1
57  456  5.79231145505618  0
80  461  5.66959299202533  0
104  470  5.71868037723767  1
142  473  5.62050560681299  0
91  490  6.01320468851171  1
