154  55  3.09250526837745  0
199  71  0.147262155637022  0
138  75  6.20955422936108  1
225  90  0.589048622548086  1
129  93  2.94524311274043  0
225  102  3.6324665057132  0
195  115  0.490873852123405  1
131  116  0  1
164  144  3.43611696486384  1
92  147  5.71868037723767  1
208  154  0.834485548609789  0
118  160  6.08683576633022  0
226  165  0.859029241215959  0
156  167  0.589048622548086  1
250  170  3.90244712438107  0
186  175  3.70609758353171  0
164  182  3.53429173528852  0
195  198  1.07992247467149  0
88  221  2.11075756413064  1
168  223  1.15355355249  1
214  223  1.17809724509617  0
130  227  2.35619449019234  0
73  240  5.30143760293278  0
139  241  1.66897109721958  0
132  244  2.0616701789183  0
222  245  4.36877728389831  0
245  246  1.22718463030851  0
148  250  1.64442740461341  1
133  253  1.96349540849362  0
205  254  1.37444678594553  0
239  271  1.27627201552085  0
122  279  5.12963175468958  0
169  293  1.98803910109979  0
97  298  2.01258279370596  1
190  305  1.76714586764426  0
81  306  5.17871913990192  0
121  309  5.2032628325081  0
92  322  5.12963175468958  1
221  324  1.37444678594553  0
184  330  2.15984494934298  1
200  335  1.96349540849362  0
169  347  5.42415606596363  0
112  371  5.64504929941916  0
150  372  5.54687452899448  0
188  372  5.49778714378214  0
246  379  4.07425297262426  0
184  390  6.13592315154256  0
230  390  3.53429173528852  1
153  392  5.79231145505618  1
71  394  5.54687452899448  1
254  406  3.75518496874405  0
89  409  5.76776776245001  1
132  448  6.01320468851171  1
173  464  0.098174770424681  0
