135  74  2.89615572752809  0
210  96  0.417242774304894  1
122  97  6.06229207372405  1
213  109  3.48520435007618  0
118  115  2.74889357189107  0
185  124  0.245436926061703  0
126  140  6.18501053675491  0
159  159  3.26431111662064  1
205  162  0.662679700366597  0
251  170  3.68155389092554  0
226  171  0.638136007760427  0
91  174  5.54687452899448  1
118  182  5.9395736106932  0
160  183  0.539961237335746  1
192  188  3.60792281310703  0
171  194  3.60792281310703  1
202  208  0.9081166264283  0
225  230  1.00629139685298  0
186  237  1.10446616727766  0
146  245  2.20893233455532  0
103  247  1.93895171588745  1
260  247  1.07992247467149  0
238  252  4.22151512826128  0
150  260  1.91440802328128  0
221  260  1.22718463030851  0
166  268  1.49716524897639  1
153  269  1.8162332528566  0
91  271  5.05600067687107  0
259  273  1.10446616727766  0
146  298  4.95782590644639  0
193  304  1.8162332528566  0
215  315  1.61988371200724  0
124  320  1.88986433067511  1
249  327  1.17809724509617  0
148  330  5.05600067687107  0
111  331  4.95782590644639  0
214  338  1.98803910109979  1
230  341  1.71805848243192  0
121  346  5.05600067687107  1
199  362  5.17871913990192  0
282  377  3.90244712438107  0
224  380  5.32598129553895  0
186  387  5.42415606596363  0
148  391  5.47324345117597  0
269  392  3.43611696486384  1
223  399  5.98866099590554  0
191  405  5.66959299202533  1
86  409  5.32598129553895  0
118  418  5.42415606596363  0
131  431  5.64504929941916  1
99  441  5.66959299202533  0
120  456  5.86594253287469  0
180  462  5.91502991808703  1
145  464  5.89048622548086  0
222  473  6.18501053675491  0
