153  128  3.43611696486384  0
122  129  0.196349540849362  0
224  130  3.8779034317749  0
19  142  2.45436926061703  0
143  162  3.48520435007618  1
187  163  3.70609758353171  0
232  173  0.809941856003619  0
260  175  4.00062189480575  0
94  202  0.0490873852123405  0
110  214  3.11704896098362  1
200  216  0.834485548609789  0
257  216  4.04970928001809  0
227  238  4.07425297262426  0
129  242  3.28885480922681  1
174  256  0.95720401164064  0
94  267  2.15984494934298  0
156  271  3.77972866135022  0
198  277  4.09879666523043  0
259  290  0.98174770424681  0
99  295  5.57141822160065  0
215  310  1.15355355249  0
243  312  4.22151512826128  0
49  314  1.66897109721958  0
123  333  1.47262155637022  0
132  336  0.93266031903447  0
147  336  4.02516558741192  1
131  348  1.03083508945915  0
18  371  1.96349540849362  0
50  387  1.5707963267949  0
202  392  4.14788405044277  0
163  406  3.95153450959341  0
191  406  3.92699081698724  1
247  415  3.80427235395639  0
33  419  5.05600067687107  0
127  421  3.85335973916873  0
229  422  3.70609758353171  0
98  423  3.90244712438107  0
34  437  6.08683576633022  0
206  439  3.55883542789469  0
56  441  2.89615572752809  0
100  442  3.3870295796515  0
170  445  3.55883542789469  1
253  451  3.48520435007618  0
99  471  3.04341788316511  0
124  515  2.99433049795277  0
