127  38  3.14159265358979  0
174  100  3.3870295796515  0
146  102  0.196349540849362  0
244  103  3.90244712438107  0
42  119  2.52800033843554  0
211  135  3.68155389092554  0
12  138  5.49778714378214  1
259  150  0.859029241215959  0
119  175  0.0490873852123405  0
132  182  3.04341788316511  0
225  189  0.859029241215959  0
279  189  4.04970928001809  0
250  210  4.07425297262426  0
153  214  3.28885480922681  1
198  229  0.95720401164064  0
120  239  2.18438864194915  0
179  241  3.70609758353171  0
223  250  4.07425297262426  0
281  263  1.00629139685298  0
124  267  5.57141822160065  0
71  281  1.71805848243192  1
238  282  1.15355355249  0
267  288  4.22151512826128  0
169  305  3.97607820219958  1
148  307  0.613592315154257  0
148  310  1.42353417115788  0
155  319  1.07992247467149  0
42  345  1.91440802328128  0
19  356  5.12963175468958  0
73  359  1.5707963267949  0
226  365  4.14788405044277  0
187  379  3.95153450959341  0
214  379  3.97607820219958  1
83  388  4.1233403578366  0
270  388  3.80427235395639  0
58  391  4.95782590644639  0
158  394  3.85335973916873  1
251  395  3.73064127613788  0
121  396  3.92699081698724  0
89  397  3.23976742401447  0
53  410  5.79231145505618  1
80  414  2.79798095710341  0
162  418  3.43611696486384  0
194  419  3.60792281310703  1
237  421  3.55883542789469  1
128  422  3.43611696486384  1
272  423  3.53429173528852  0
45  428  5.86594253287469  0
125  443  3.04341788316511  0
39  450  5.9395736106932  0
231  455  3.33794219443916  0
265  479  3.23976742401447  0
147  487  2.94524311274043  0
