70  107  5.62050560681299  0
202  112  3.60792281310703  0
200  133  0.638136007760427  1
81  149  5.66959299202533  0
199  172  0.785398163397448  0
161  175  0.662679700366597  0
98  191  5.74322406984384  1
112  207  6.23409792196725  0
185  219  1.03083508945915  0
101  239  5.84139884026852  1
148  242  1.17809724509617  0
111  249  1.96349540849362  1
132  253  1.32535940073319  1
110  268  1.96349540849362  1
122  270  1.71805848243192  1
176  279  1.17809724509617  0
162  295  1.34990309333936  1
161  311  1.42353417115788  1
150  322  1.66897109721958  1
194  336  1.12900985988383  1
169  342  1.52170894158256  1
130  354  2.0616701789183  1
182  364  1.32535940073319  1
214  366  4.22151512826128  0
104  377  5.17871913990192  0
181  380  1.66897109721958  1
210  383  4.00062189480575  0
33  396  2.20893233455532  1
122  410  5.35052498814512  0
43  419  5.4486997585698  1
160  431  5.59596191420682  1
73  432  5.57141822160065  0
138  433  5.4486997585698  1
161  447  5.86594253287469  1
54  451  5.81685514766235  0
61  459  2.60163141625405  1
96  461  5.81685514766235  0
130  471  5.86594253287469  0
63  472  5.71868037723767  0
157  493  6.25864161457342  1
116  499  5.96411730329937  1
