98  67  5.25235021772044  1
196  77  5.91502991808703  1
144  116  5.39961237335746  1
160  154  5.52233083638831  1
246  163  0.490873852123405  1
105  179  2.0616701789183  0
189  191  5.71868037723767  1
202  206  6.13592315154256  0
274  212  1.07992247467149  0
90  229  2.03712648631213  1
240  234  1.32535940073319  0
194  235  5.86594253287469  1
223  244  1.34990309333936  1
214  260  1.84077694546277  1
201  262  2.0616701789183  1
263  273  1.32535940073319  0
248  289  1.47262155637022  1
245  306  1.47262155637022  1
208  315  1.86532063806894  0
234  316  1.76714586764426  1
202  337  5.12963175468958  1
250  339  1.49716524897639  1
211  357  2.03712648631213  0
184  377  5.12963175468958  0
202  409  5.30143760293278  0
85  411  5.35052498814512  0
113  414  2.28256341237383  0
125  425  5.35052498814512  1
220  432  5.39961237335746  1
155  435  5.49778714378214  0
100  442  5.37506868075129  0
138  456  5.66959299202533  0
139  462  2.55254403104171  0
178  463  5.74322406984384  0
113  477  5.54687452899448  1
145  478  5.64504929941916  0
