138  59  5.9395736106932  0
146  71  2.74889357189107  0
129  94  5.89048622548086  0
253  152  0.760854470791278  1
42  160  5.47324345117597  0
89  208  5.47324345117597  1
51  211  5.32598129553895  0
217  216  0.95720401164064  0
193  221  0.859029241215959  0
20  224  2.30710710498  0
177  226  0.760854470791278  0
104  234  5.49778714378214  1
151  239  2.92069942013426  1
258  269  4.41786466911065  0
145  270  0.343611696486384  1
250  283  1.37444678594553  0
147  297  1.64442740461341  1
138  300  2.35619449019234  0
203  318  1.71805848243192  0
127  323  2.13530125673681  0
230  325  1.61988371200724  0
131  331  2.0616701789183  0
197  371  1.86532063806894  0
216  375  1.71805848243192  0
31  378  5.37506868075129  0
204  424  1.86532063806894  0
224  434  1.5707963267949  0
56  446  5.54687452899448  1
209  465  2.03712648631213  0
60  497  5.81685514766235  0
162  499  5.4486997585698  0
169  514  5.86594253287469  0
28  521  6.18501053675491  0
109  529  5.74322406984384  0
