87  60  5.81685514766235  0
96  71  2.67526249407256  0
77  94  5.79231145505618  1
210  144  0.613592315154257  0
250  194  1.03083508945915  1
184  205  0.809941856003619  0
57  209  5.37506868075129  0
159  212  0.662679700366597  0
145  221  0.539961237335746  0
17  223  5.17871913990192  0
123  238  2.84706834231575  1
80  241  5.32598129553895  0
230  248  4.24605882086745  0
227  265  1.17809724509617  0
120  271  0.0245436926061703  1
124  294  1.52170894158256  0
118  300  2.11075756413064  0
188  305  1.52170894158256  0
216  310  1.47262155637022  0
117  317  2.03712648631213  0
119  329  1.86532063806894  0
189  353  1.64442740461341  1
210  357  1.52170894158256  0
29  389  5.2032628325081  0
207  405  1.66897109721958  0
228  411  1.32535940073319  0
220  441  1.76714586764426  0
72  453  5.35052498814512  0
38  468  5.64504929941916  1
207  474  5.25235021772044  0
181  486  5.25235021772044  0
192  498  5.62050560681299  0
82  501  5.66959299202533  0
37  502  5.86594253287469  0
137  524  5.52233083638831  0
54  529  6.03774838111788  0
151  535  5.62050560681299  0
