108  126  6.03774838111788  1
184  131  0.245436926061703  0
73  160  5.91502991808703  1
68  168  2.74889357189107  0
81  200  5.9395736106932  0
80  206  2.52800033843554  0
173  207  0.417242774304894  1
125  216  2.99433049795277  0
88  217  5.9395736106932  0
159  254  0.564504929941916  1
105  271  5.84139884026852  0
180  298  1.10446616727766  0
107  311  2.35619449019234  1
44  318  5.37506868075129  1
113  330  5.96411730329937  1
202  335  4.29514620607979  1
242  342  1.10446616727766  0
195  353  1.30081570812702  1
123  358  2.35619449019234  0
130  360  1.76714586764426  0
120  374  2.11075756413064  0
160  376  1.5707963267949  0
134  379  1.8162332528566  0
176  387  1.52170894158256  0
139  422  2.0616701789183  0
194  423  1.52170894158256  0
100  441  5.37506868075129  0
112  444  2.30710710498  1
221  479  3.55883542789469  1
171  486  5.4486997585698  0
30  491  5.66959299202533  1
120  499  5.49778714378214  0
140  504  5.64504929941916  0
67  506  5.64504929941916  0
84  515  5.79231145505618  0
158  521  5.86594253287469  1
