200  105  0.392699081698724  0
87  143  6.16046684414874  1
157  155  0.245436926061703  0
52  169  6.08683576633022  0
52  217  6.03774838111788  0
51  224  2.65071880146639  0
143  227  0.417242774304894  1
58  235  5.98866099590554  0
97  235  2.99433049795277  0
130  274  0.638136007760427  1
271  284  3.97607820219958  0
73  289  5.89048622548086  0
251  295  0.95720401164064  1
148  317  1.10446616727766  0
76  329  2.42982556801086  1
81  348  5.98866099590554  1
169  355  4.31968989868597  1
208  362  1.15355355249  0
162  372  1.32535940073319  1
105  373  3.60792281310703  0
127  395  1.5707963267949  0
101  399  1.86532063806894  0
249  404  4.22151512826128  0
143  406  1.52170894158256  0
106  439  2.0616701789183  0
160  442  1.52170894158256  0
66  459  5.37506868075129  0
69  464  2.35619449019234  0
167  481  2.0616701789183  0
188  499  3.55883542789469  1
138  504  5.42415606596363  0
217  504  3.80427235395639  0
156  505  5.62050560681299  1
84  518  5.52233083638831  0
105  523  5.64504929941916  0
