100  121  5.86594253287469  0
158  124  2.94524311274043  0
103  152  5.86594253287469  0
99  187  2.40528187540469  0
209  214  3.68155389092554  1
132  224  5.81685514766235  0
182  231  3.36248588704533  1
96  234  5.4486997585698  0
175  246  2.87161203492192  1
185  265  2.77343726449724  1
51  280  2.13530125673681  0
161  284  1.86532063806894  0
202  287  0.859029241215959  0
170  288  1.32535940073319  1
201  308  4.1233403578366  1
162  310  0.98174770424681  0
183  316  4.1233403578366  1
65  332  5.4486997585698  0
83  340  5.74322406984384  0
134  343  6.03774838111788  0
264  354  3.95153450959341  0
175  359  3.48520435007618  0
77  364  5.9395736106932  1
237  367  3.68155389092554  0
160  383  3.33794219443916  1
98  413  6.18501053675491  0
