112  166  2.99433049795277  0
57  191  5.9395736106932  0
52  227  2.42982556801086  0
152  256  3.60792281310703  0
84  265  5.81685514766235  0
135  272  3.31339850183298  1
46  275  5.49778714378214  0
261  279  4.07425297262426  0
128  288  2.94524311274043  1
136  306  2.77343726449724  1
250  316  1.00629139685298  0
110  328  1.86532063806894  0
152  329  0.93266031903447  0
120  330  1.32535940073319  1
233  345  4.09879666523043  0
150  350  4.14788405044277  1
112  352  1.00629139685298  0
133  358  4.09879666523043  1
83  385  6.03774838111788  0
213  397  3.90244712438107  0
125  402  3.53429173528852  0
189  408  3.75518496874405  1
184  490  3.3870295796515  0
