143  124  0.515417544729575  1
136  140  3.58337912050086  1
55  164  6.11137945893639  1
199  172  3.75518496874405  1
31  178  2.74889357189107  0
214  197  0.736310778185108  1
85  199  3.09250526837745  0
85  209  0.0490873852123405  1
20  220  5.89048622548086  1
122  231  3.31339850183298  1
29  232  2.67526249407256  1
220  254  3.8779034317749  1
70  255  2.82252464970958  1
192  261  0.809941856003619  1
253  304  4.17242774304894  1
39  306  2.33165079758617  0
235  308  3.97607820219958  1
145  311  3.80427235395639  1
59  315  2.23347602716149  1
88  324  6.11137945893639  1
203  343  0.95720401164064  1
159  346  1.00629139685298  1
81  353  1.76714586764426  1
101  355  1.96349540849362  0
130  355  3.82881604656256  1
101  374  1.32535940073319  0
61  376  1.49716524897639  1
91  376  4.95782590644639  1
240  380  4.09879666523043  1
152  382  4.14788405044277  1
34  395  1.52170894158256  1
94  400  1.07992247467149  1
19  416  1.37444678594553  1
87  421  4.31968989868597  1
226  427  3.70609758353171  1
115  434  4.07425297262426  1
190  444  3.77972866135022  0
87  447  4.07425297262426  1
32  455  4.27060251347362  1
226  465  3.3870295796515  1
163  470  3.50974804268235  1
71  477  3.90244712438107  1
54  491  3.68155389092554  0
94  491  3.3870295796515  1
121  496  3.28885480922681  0
201  501  3.16613634619596  1
73  510  3.23976742401447  0
157  518  3.09250526837745  1
94  533  2.99433049795277  0
