153  123  3.58337912050086  1
189  131  3.50974804268235  1
144  144  0.319068003880213  1
233  151  0.441786466911065  1
143  162  3.3870295796515  1
211  180  3.53429173528852  1
68  199  6.01320468851171  1
230  200  0.613592315154257  1
52  213  2.67526249407256  0
108  229  2.89615572752809  0
115  241  6.23409792196725  0
151  253  3.14159265358979  1
44  258  5.81685514766235  1
250  262  3.75518496874405  1
58  268  2.60163141625405  1
224  273  0.662679700366597  1
102  286  2.7243498792849  1
265  309  3.8779034317749  1
185  328  3.65701019831937  1
80  337  2.28256341237383  0
106  338  2.20893233455532  1
131  349  5.96411730329937  1
171  350  3.50974804268235  1
241  352  0.859029241215959  1
167  366  3.43611696486384  1
187  367  0.883572933822129  1
130  370  1.86532063806894  1
272  380  3.95153450959341  0
198  389  4.22151512826128  0
147  393  1.27627201552085  0
138  395  4.98236959905256  1
108  407  1.37444678594553  1
142  421  1.03083508945915  1
268  430  3.48520435007618  1
135  439  4.31968989868597  1
163  445  4.04970928001809  0
240  459  3.48520435007618  1
138  469  4.04970928001809  1
207  473  3.3870295796515  0
246  502  3.09250526837745  0
174  510  3.23976742401447  0
