175  88  0.564504929941916  0
98  92  6.18501053675491  0
82  96  2.52800033843554  0
99  116  6.13592315154256  1
183  140  0.859029241215959  1
105  142  6.25864161457342  1
77  156  5.57141822160065  1
13  167  2.08621387152447  0
169  167  3.97607820219958  0
105  169  0.343611696486384  0
204  177  1.15355355249  0
159  188  1.20264093770234  1
47  193  5.25235021772044  1
55  197  2.0616701789183  0
100  199  1.98803910109979  0
192  199  4.29514620607979  0
105  211  1.84077694546277  1
187  221  1.25172832291468  1
156  230  1.5707963267949  0
141  236  1.76714586764426  1
169  244  1.49716524897639  1
22  272  5.2032628325081  1
194  275  1.27627201552085  0
171  284  1.66897109721958  0
63  304  5.32598129553895  0
178  313  1.61988371200724  1
212  322  4.29514620607979  0
27  326  5.37506868075129  0
155  338  5.49778714378214  0
103  345  5.52233083638831  0
142  356  5.84139884026852  1
213  357  3.95153450959341  0
32  362  5.62050560681299  0
80  366  5.64504929941916  0
205  371  3.68155389092554  1
86  375  5.86594253287469  0
45  377  5.86594253287469  0
128  387  6.01320468851171  1
92  390  6.08683576633022  1
23  392  5.9395736106932  0
29  410  6.01320468851171  1
98  420  6.23409792196725  0
21  429  6.08683576633022  1
67  437  0  0
88  437  0.147262155637022  1
151  462  3.33794219443916  0
92  466  1.22718463030851  0
100  466  1.22718463030851  0
71  467  1.47262155637022  0
109  467  1.17809724509617  0
82  469  1.34990309333936  1
117  469  0.760854470791278  0
123  469  0.392699081698724  0
