120  55  2.69980618667873  1
209  87  0.539961237335746  0
224  102  3.6324665057132  0
206  107  0.490873852123405  0
132  118  6.08683576633022  0
117  119  2.50345664582937  1
50  132  2.23347602716149  1
135  142  6.06229207372405  1
219  158  0.760854470791278  1
144  167  6.20955422936108  1
117  183  5.52233083638831  1
146  194  0.294524311274043  0
244  195  1.07992247467149  0
54  199  2.01258279370596  0
200  211  1.15355355249  1
233  219  4.24605882086745  0
89  222  5.17871913990192  1
98  224  2.0616701789183  0
143  224  1.98803910109979  0
148  236  1.8162332528566  1
229  241  1.20264093770234  1
201  248  1.52170894158256  1
184  259  1.74260217503809  1
212  266  1.44807786376405  1
46  290  5.05600067687107  0
238  294  1.22718463030851  0
216  302  1.61988371200724  0
67  303  5.12963175468958  1
109  330  5.27689391032661  0
224  334  1.5707963267949  1
259  342  4.22151512826128  0
34  349  2.28256341237383  0
39  352  5.2032628325081  0
73  355  5.35052498814512  0
202  361  5.42415606596363  0
150  370  5.47324345117597  0
190  379  5.79231145505618  1
80  389  5.57141822160065  0
127  392  5.62050560681299  0
136  400  5.81685514766235  0
39  401  5.66959299202533  0
95  403  5.81685514766235  0
178  410  5.98866099590554  1
145  419  6.03774838111788  0
72  420  5.86594253287469  0
82  436  5.98866099590554  1
149  449  6.18501053675491  1
71  456  6.08683576633022  1
117  463  0  0
138  463  0.098174770424681  1
