184  148  3.43611696486384  0
42  150  2.65071880146639  0
164  182  3.3870295796515  0
80  185  6.03774838111788  0
131  185  0.098174770424681  0
97  211  2.60163141625405  0
207  216  0.9081166264283  1
67  221  2.28256341237383  0
91  262  2.01258279370596  1
181  273  4.00062189480575  0
233  274  1.17809724509617  0
138  292  0.785398163397448  0
135  310  1.22718463030851  0
210  320  4.17242774304894  1
17  324  1.61988371200724  0
213  340  4.24605882086745  1
128  345  4.24605882086745  0
198  346  3.90244712438107  1
115  348  0.9081166264283  1
244  353  4.24605882086745  0
223  360  3.90244712438107  1
272  374  3.95153450959341  0
216  380  3.43611696486384  0
66  405  0.859029241215959  0
152  405  3.68155389092554  0
233  409  3.09250526837745  0
195  429  3.19068003880213  0
61  432  4.07425297262426  0
108  433  3.6324665057132  1
148  443  3.3870295796515  0
61  449  0.245436926061703  0
198  450  6.13592315154256  1
84  453  3.48520435007618  1
213  461  3.04341788316511  0
