138  166  3.43611696486384  0
248  189  0.9081166264283  0
117  199  3.33794219443916  0
88  203  0.098174770424681  0
35  205  5.98866099590554  0
54  230  2.65071880146639  0
163  233  0.9081166264283  1
24  240  2.25801971976766  0
48  281  2.03712648631213  1
137  289  3.97607820219958  0
184  291  1.15355355249  1
92  328  1.22718463030851  0
266  333  0.9081166264283  0
165  336  4.17242774304894  1
168  356  4.24605882086745  1
143  360  3.90244712438107  0
85  364  4.29514620607979  0
82  370  0.834485548609789  0
199  371  4.24605882086745  0
179  377  3.90244712438107  1
223  390  4.04970928001809  0
170  397  3.48520435007618  0
22  422  0.93266031903447  0
110  424  3.70609758353171  0
187  428  3.14159265358979  0
152  447  3.14159265358979  0
64  451  3.6324665057132  1
104  461  3.3870295796515  0
160  461  6.18501053675491  0
168  480  3.04341788316511  0
