42  82  2.38073818279852  0
172  104  0.93266031903447  0
116  107  1.00629139685298  0
130  129  4.14788405044277  0
111  136  4.09879666523043  1
178  138  1.10446616727766  0
99  145  3.82881604656256  1
49  149  1.69351478982575  1
157  155  1.22718463030851  0
26  157  1.8162332528566  1
37  172  1.61988371200724  0
86  172  1.30081570812702  1
152  193  1.32535940073319  0
131  195  4.29514620607979  1
80  204  1.10446616727766  0
19  221  4.49149574692916  1
137  224  4.22151512826128  1
159  231  4.31968989868597  1
53  252  4.29514620607979  0
41  261  4.19697143565511  1
80  263  4.09879666523043  1
112  264  0.711767085578938  1
143  285  3.80427235395639  0
192  285  4.14788405044277  0
182  286  3.95153450959341  1
11  289  4.04970928001809  1
93  311  0.539961237335746  0
160  315  3.68155389092554  0
49  319  3.90244712438107  1
127  319  3.70609758353171  1
210  319  3.70609758353171  0
49  353  3.70609758353171  1
84  360  3.65701019831937  1
193  361  3.43611696486384  1
145  363  3.6324665057132  1
28  377  3.33794219443916  0
64  382  3.48520435007618  0
158  384  3.28885480922681  0
142  424  0.613592315154257  1
