67  94  5.47324345117597  0
134  106  2.60163141625405  0
84  111  5.57141822160065  1
31  167  2.20893233455532  0
124  173  2.23347602716149  0
102  177  5.37506868075129  0
153  186  2.23347602716149  0
229  201  0.93266031903447  0
93  210  2.0616701789183  0
244  222  4.07425297262426  0
229  232  4.00062189480575  1
92  234  1.96349540849362  1
152  240  1.8162332528566  1
217  241  3.65701019831937  1
273  246  1.15355355249  0
106  247  1.79168956025043  1
205  247  0.95720401164064  0
172  248  1.76714586764426  1
192  249  1.91440802328128  0
198  249  1.76714586764426  0
155  272  1.61988371200724  1
271  286  1.37444678594553  0
249  289  4.31968989868597  1
111  290  1.59534001940107  1
194  295  1.22718463030851  1
67  308  1.86532063806894  0
99  312  1.5707963267949  1
139  317  4.5405831321415  1
256  317  4.17242774304894  1
278  323  4.29514620607979  1
89  338  1.5707963267949  0
170  343  4.31968989868597  0
159  352  4.19697143565511  1
199  357  4.07425297262426  1
228  357  0.736310778185108  1
89  366  1.47262155637022  1
124  374  4.09879666523043  1
56  380  5.47324345117597  1
79  381  5.89048622548086  1
31  387  5.52233083638831  0
261  388  3.8779034317749  1
207  401  0.638136007760427  0
164  406  3.8779034317749  1
59  408  5.91502991808703  1
240  412  3.77972866135022  1
61  422  6.25864161457342  1
153  438  3.75518496874405  0
194  448  3.73064127613788  1
127  453  3.43611696486384  0
107  463  0.196349540849362  1
167  465  3.55883542789469  0
89  505  3.28885480922681  1
