146  145  3.43611696486384  0
180  157  0.638136007760427  1
74  211  2.28256341237383  0
34  213  2.13530125673681  0
111  214  0.294524311274043  0
136  227  3.55883542789469  1
174  232  3.90244712438107  1
116  238  2.79798095710341  0
121  274  1.96349540849362  1
253  274  0.859029241215959  0
132  280  0.98174770424681  1
16  293  1.5707963267949  0
126  295  1.42353417115788  0
63  310  1.42353417115788  0
137  313  1.17809724509617  1
88  314  1.42353417115788  0
76  318  4.61421420996001  0
139  336  4.39332097650448  1
132  378  1.12900985988383  1
34  386  1.37444678594553  0
24  391  1.5707963267949  0
260  396  4.00062189480575  1
119  431  1.10446616727766  0
124  460  4.17242774304894  1
225  460  3.75518496874405  0
178  467  3.8779034317749  0
281  472  3.3870295796515  0
57  486  4.1233403578366  1
267  486  3.23976742401447  0
198  488  3.48520435007618  1
238  488  3.33794219443916  0
161  503  3.60792281310703  0
71  508  3.8779034317749  1
203  512  3.26431111662064  1
113  515  3.77972866135022  0
145  524  3.55883542789469  0
253  531  3.01887419055894  1
91  534  3.48520435007618  1
