88  121  2.7243498792849  0
166  134  3.33794219443916  0
241  137  0.736310778185108  0
200  145  0.613592315154257  1
56  200  2.18438864194915  0
102  203  2.38073818279852  1
134  208  0.245436926061703  0
159  221  3.60792281310703  1
198  225  3.8779034317749  1
139  232  2.84706834231575  0
266  254  0.883572933822129  1
137  267  1.86532063806894  0
154  275  0.9081166264283  1
36  276  1.61988371200724  0
148  290  1.42353417115788  0
82  295  1.47262155637022  0
155  296  1.03083508945915  0
109  304  1.47262155637022  0
94  312  4.51603943953533  1
161  329  4.36877728389831  1
52  366  1.42353417115788  0
152  371  1.10446616727766  1
136  419  1.03083508945915  0
144  446  4.24605882086745  0
249  456  3.60792281310703  1
71  457  4.24605882086745  0
198  458  3.8779034317749  0
260  474  3.19068003880213  0
218  477  3.48520435007618  1
77  486  3.90244712438107  0
182  491  3.60792281310703  0
131  498  3.75518496874405  0
222  499  3.26431111662064  1
163  509  3.55883542789469  0
105  513  3.50974804268235  1
274  513  2.94524311274043  1
207  531  3.14159265358979  0
102  532  3.33794219443916  0
