214  166  6.06229207372405  1
80  167  5.47324345117597  0
213  207  6.25864161457342  1
57  209  5.39961237335746  1
192  252  6.01320468851171  1
268  252  0.809941856003619  1
123  253  2.13530125673681  0
139  274  5.27689391032661  1
199  279  2.33165079758617  0
36  282  2.11075756413064  0
233  282  0.93266031903447  0
220  297  1.10446616727766  1
179  300  5.4486997585698  0
193  305  2.11075756413064  0
231  324  4.41786466911065  1
203  332  1.69351478982575  1
193  337  2.0616701789183  0
164  341  5.27689391032661  1
64  343  1.91440802328128  0
283  354  1.61988371200724  1
262  357  1.74260217503809  1
125  367  1.59534001940107  1
146  367  5.08054436947724  1
38  394  1.98803910109979  0
70  394  1.69351478982575  1
123  397  4.95782590644639  1
165  400  2.52800033843554  1
241  400  1.91440802328128  1
101  403  1.42353417115788  1
249  412  4.98236959905256  1
172  414  2.40528187540469  1
84  415  1.32535940073319  0
184  420  2.23347602716149  1
139  421  3.09250526837745  1
51  422  1.59534001940107  1
115  425  4.31968989868597  1
207  427  2.13530125673681  1
97  438  4.22151512826128  1
120  439  3.46066065747001  1
45  441  4.14788405044277  1
82  441  4.31968989868597  1
56  446  4.02516558741192  1
256  453  1.93895171588745  1
229  460  1.96349540849362  0
201  463  2.20893233455532  1
114  470  3.16613634619596  1
79  481  3.55883542789469  1
154  494  2.69980618667873  1
108  515  6.20955422936108  1
226  534  5.30143760293278  1
152  549  5.9395736106932  0
