188  82  6.20955422936108  1
242  125  0.736310778185108  1
167  126  5.96411730329937  1
97  136  2.03712648631213  0
175  153  2.23347602716149  0
207  153  0.859029241215959  0
113  158  5.17871913990192  1
189  166  1.76714586764426  1
199  171  1.12900985988383  1
172  172  2.08621387152447  1
158  175  5.32598129553895  0
191  182  1.27627201552085  1
211  199  4.36877728389831  1
173  206  1.98803910109979  1
184  208  1.64442740461341  1
147  217  5.17871913990192  1
264  228  1.54625263418873  1
243  233  1.64442740461341  1
47  238  1.76714586764426  0
132  248  4.98236959905256  1
111  249  1.54625263418873  1
226  275  1.76714586764426  1
111  281  4.85965113602171  1
151  281  2.45436926061703  1
59  287  1.64442740461341  1
89  288  1.30081570812702  1
236  290  4.85965113602171  1
26  293  1.86532063806894  0
161  294  2.35619449019234  1
173  299  2.13530125673681  1
70  300  1.37444678594553  1
111  301  4.71238898038469  0
197  303  2.01258279370596  1
105  311  4.29514620607979  1
277  317  1.76714586764426  0
42  319  1.47262155637022  1
85  329  4.24605882086745  0
107  329  3.43611696486384  0
246  330  1.8162332528566  1
75  333  4.24605882086745  1
22  337  5.71868037723767  1
39  339  4.02516558741192  1
220  339  1.86532063806894  0
194  340  2.08621387152447  1
50  342  3.90244712438107  1
15  345  5.9395736106932  1
111  356  2.9697868053466  1
78  373  3.36248588704533  1
150  377  2.60163141625405  1
109  403  6.06229207372405  1
224  413  5.25235021772044  1
271  417  5.35052498814512  0
241  430  5.37506868075129  0
156  432  5.79231145505618  0
182  443  5.6941366846315  1
242  447  5.66959299202533  0
101  449  6.08683576633022  0
191  460  5.89048622548086  0
227  461  5.89048622548086  0
246  475  6.06229207372405  1
225  478  6.13592315154256  0
88  481  3.04341788316511  0
197  492  0  0
