196  57  0.613592315154257  1
187  61  3.55883542789469  0
38  72  2.52800033843554  0
60  85  5.9395736106932  0
89  86  2.79798095710341  1
93  94  6.23409792196725  0
21  110  5.54687452899448  0
64  124  5.74322406984384  1
97  129  0.196349540849362  0
142  156  0.93266031903447  0
214  156  1.00629139685298  0
167  177  4.07425297262426  0
84  188  0.098174770424681  1
157  191  1.05537878206532  1
117  203  1.15355355249  1
104  205  3.6324665057132  1
50  208  5.27689391032661  0
209  210  1.10446616727766  0
155  225  1.32535940073319  0
267  232  4.09879666523043  0
166  268  1.61988371200724  0
132  275  2.03712648631213  0
238  276  1.03083508945915  0
30  283  5.37506868075129  1
185  283  1.49716524897639  1
206  294  1.15355355249  0
269  295  4.17242774304894  0
117  302  5.25235021772044  0
41  307  5.64504929941916  1
188  311  1.98803910109979  0
208  330  3.60792281310703  1
179  335  5.30143760293278  1
265  340  3.8779034317749  0
145  344  5.57141822160065  1
132  347  5.74322406984384  1
242  352  3.48520435007618  0
70  359  6.03774838111788  0
101  363  6.01320468851171  1
240  368  3.23976742401447  0
177  380  5.98866099590554  1
149  395  6.18501053675491  0
