59  59  2.4789129532232  0
83  71  5.89048622548086  0
112  71  2.79798095710341  1
24  77  5.54687452899448  0
117  78  6.18501053675491  0
22  91  2.28256341237383  1
45  96  5.52233083638831  0
89  108  5.74322406984384  1
121  113  0.147262155637022  0
238  136  1.00629139685298  0
166  138  0.9081166264283  0
190  164  4.1233403578366  1
109  171  0.098174770424681  1
181  173  1.03083508945915  1
142  186  1.17809724509617  1
128  187  3.65701019831937  1
233  191  1.07992247467149  0
74  193  5.27689391032661  0
179  208  1.32535940073319  0
19  217  2.0616701789183  1
264  250  1.00629139685298  1
190  251  1.61988371200724  0
155  259  2.0616701789183  0
55  265  5.35052498814512  1
209  266  1.44807786376405  1
34  274  5.32598129553895  0
231  275  1.15355355249  0
140  285  5.27689391032661  0
64  289  5.6941366846315  1
35  302  5.66959299202533  1
233  311  3.58337912050086  1
72  318  5.9395736106932  0
172  328  5.62050560681299  0
156  329  5.57141822160065  1
24  336  5.91502991808703  1
96  341  6.03774838111788  0
122  346  5.98866099590554  1
201  361  5.98866099590554  1
98  362  6.20955422936108  1
69  382  6.16046684414874  1
168  382  6.13592315154256  1
142  421  0  0
157  442  0.147262155637022  1
