224  44  0.613592315154257  0
79  51  2.38073818279852  0
68  53  5.52233083638831  0
105  65  2.30710710498  0
162  66  0  0
227  75  0.859029241215959  0
88  84  5.4486997585698  0
130  103  2.30710710498  0
103  113  5.47324345117597  0
176  113  2.94524311274043  0
209  130  1.32535940073319  0
72  135  2.01258279370596  1
163  146  2.20893233455532  0
200  147  4.1233403578366  0
133  155  2.0616701789183  0
64  159  5.12963175468958  0
144  160  2.0616701789183  0
171  161  1.96349540849362  0
178  161  1.42353417115788  0
173  170  1.5707963267949  0
96  176  5.12963175468958  1
148  176  1.98803910109979  0
231  182  1.61988371200724  0
160  191  1.64442740461341  1
168  194  1.37444678594553  0
181  196  4.66330159517235  0
124  197  5.2032628325081  0
245  197  1.47262155637022  0
103  209  5.25235021772044  0
150  209  1.8162332528566  0
221  213  1.93895171588745  1
84  215  5.25235021772044  0
234  225  1.66897109721958  0
156  231  1.42353417115788  1
211  237  2.13530125673681  0
163  240  3.46066065747001  1
193  247  2.62617510886022  1
38  248  5.4486997585698  0
54  271  5.66959299202533  1
123  278  5.6941366846315  1
80  285  5.71868037723767  1
146  297  6.13592315154256  1
95  305  5.9395736106932  1
195  309  5.86594253287469  0
225  309  5.59596191420682  1
105  329  6.20955422936108  1
139  333  0.122718463030851  1
175  338  0.0490873852123405  0
