127  180  2.52800033843554  1
107  190  5.81685514766235  0
122  203  5.76776776245001  1
195  223  0.147262155637022  0
211  267  0.392699081698724  0
69  283  2.30710710498  0
59  285  5.49778714378214  0
149  293  6.23409792196725  0
96  295  2.20893233455532  0
215  296  0.736310778185108  0
78  319  5.35052498814512  0
120  331  2.15984494934298  0
167  337  2.89615572752809  0
43  343  2.0616701789183  0
95  346  5.27689391032661  0
203  353  1.17809724509617  0
138  364  2.13530125673681  1
71  366  1.91440802328128  1
158  371  2.13530125673681  0
195  371  4.07425297262426  0
142  384  1.96349540849362  0
65  392  5.00691329165873  0
231  400  1.47262155637022  0
147  402  1.86532063806894  0
98  406  4.95782590644639  1
161  416  1.49716524897639  1
182  417  4.46695205432299  0
169  418  1.17809724509617  0
127  424  5.05600067687107  0
154  434  1.66897109721958  0
224  435  1.84077694546277  1
108  440  5.10508806208341  0
90  447  5.12963175468958  0
161  453  1.22718463030851  1
217  461  2.0616701789183  0
203  468  2.50345664582937  1
153  475  5.00691329165873  0
104  505  5.52233083638831  0
142  506  5.74322406984384  0
110  536  5.84139884026852  1
