155  80  3.23976742401447  0
131  137  0.147262155637022  0
62  172  5.62050560681299  0
63  183  2.20893233455532  1
282  209  1.15355355249  0
221  214  0.95720401164064  0
239  223  4.07425297262426  1
87  249  5.22780652511427  1
139  284  1.27627201552085  0
74  285  1.5707963267949  0
147  288  1.15355355249  0
134  292  1.42353417115788  0
46  295  1.64442740461341  1
102  297  1.37444678594553  1
172  311  1.61988371200724  0
195  312  1.52170894158256  0
267  315  1.27627201552085  0
148  318  4.46695205432299  0
212  327  1.5707963267949  1
243  329  1.42353417115788  0
150  333  4.17242774304894  0
157  334  4.85965113602171  1
112  342  1.27627201552085  0
150  353  4.14788405044277  0
176  356  2.15984494934298  1
192  370  1.91440802328128  1
220  372  1.66897109721958  0
156  374  5.47324345117597  0
82  378  1.42353417115788  1
128  392  0.785398163397448  0
265  401  1.52170894158256  0
168  420  2.67526249407256  1
126  436  0.466330159517235  0
132  463  3.70609758353171  0
258  472  5.25235021772044  0
248  500  5.47324345117597  1
210  506  5.4486997585698  0
