133  125  3.43611696486384  0
109  145  3.14159265358979  0
90  200  0.098174770424681  0
237  278  1.17809724509617  0
179  280  1.10446616727766  0
195  292  4.22151512826128  1
43  311  5.17871913990192  1
93  342  1.42353417115788  0
100  344  1.22718463030851  0
88  348  1.5707963267949  0
29  350  1.61988371200724  0
57  358  1.49716524897639  1
121  373  1.61988371200724  0
243  373  1.15355355249  0
143  375  1.5707963267949  0
99  377  4.56512682474767  0
214  384  1.32535940073319  0
158  391  1.54625263418873  1
99  394  4.29514620607979  0
107  394  4.88419482862788  1
190  400  1.47262155637022  0
62  406  1.32535940073319  0
98  415  4.22151512826128  0
123  420  2.13530125673681  1
103  429  5.17871913990192  0
97  437  4.14788405044277  0
138  437  1.96349540849362  1
103  440  5.4486997585698  0
166  443  1.66897109721958  0
74  458  0.859029241215959  0
212  473  1.47262155637022  0
114  488  2.62617510886022  1
233  494  1.5707963267949  0
73  505  0.515417544729575  0
157  537  1.91440802328128  1
209  540  5.17871913990192  0
