64  78  6.03774838111788  0
214  102  0.638136007760427  0
202  113  3.70609758353171  0
129  122  2.99433049795277  0
160  139  0.392699081698724  0
111  157  6.08683576633022  0
112  184  2.57708772364788  0
32  204  2.23347602716149  1
136  222  2.7243498792849  0
243  236  1.10446616727766  0
138  243  1.37444678594553  1
193  246  1.17809724509617  0
54  250  1.96349540849362  1
181  252  1.22718463030851  0
212  261  1.22718463030851  0
135  262  1.66897109721958  1
164  272  1.37444678594553  1
62  300  1.8162332528566  0
269  307  1.15355355249  0
30  362  1.91440802328128  0
105  363  1.86532063806894  0
241  379  1.32535940073319  0
218  393  1.52170894158256  0
128  395  1.96349540849362  0
111  398  1.98803910109979  0
71  403  5.10508806208341  0
139  405  1.91440802328128  0
29  413  5.27689391032661  1
84  414  5.2032628325081  0
251  418  1.20264093770234  1
112  435  5.10508806208341  0
127  438  5.05600067687107  0
18  442  5.49778714378214  0
167  456  5.25235021772044  0
85  458  5.4486997585698  0
52  476  5.64504929941916  0
234  484  5.4486997585698  1
155  489  5.64504929941916  0
201  489  5.64504929941916  0
