69  93  6.13592315154256  0
216  128  0.638136007760427  0
208  143  3.75518496874405  0
136  147  3.14159265358979  0
164  167  0.466330159517235  0
113  180  6.18501053675491  0
117  200  2.77343726449724  1
31  216  2.30710710498  1
137  246  2.89615572752809  0
52  263  2.03712648631213  1
249  263  1.03083508945915  0
138  266  1.34990309333936  1
197  273  1.15355355249  0
185  279  1.22718463030851  0
135  284  1.61988371200724  1
217  287  1.15355355249  0
166  294  1.34990309333936  1
59  313  1.8162332528566  0
278  329  1.15355355249  0
28  373  1.91440802328128  0
105  376  1.86532063806894  0
249  393  1.37444678594553  0
224  406  1.5707963267949  0
112  408  1.98803910109979  0
129  408  1.98803910109979  0
70  414  5.10508806208341  0
140  419  1.91440802328128  0
158  420  1.96349540849362  0
28  423  5.27689391032661  1
83  427  5.2032628325081  0
257  433  1.20264093770234  1
113  446  5.10508806208341  0
128  450  5.12963175468958  0
144  451  5.17871913990192  0
169  469  5.27689391032661  0
76  471  5.52233083638831  1
51  488  5.66959299202533  0
238  497  5.57141822160065  1
158  502  5.64504929941916  0
205  502  5.66959299202533  0
143  516  5.9395736106932  0
136  524  2.38073818279852  0
132  537  5.81685514766235  0
