61  116  2.50345664582937  0
55  127  5.81685514766235  0
215  137  3.80427235395639  0
158  154  3.50974804268235  1
64  164  6.08683576633022  0
81  189  2.74889357189107  0
135  199  0.343611696486384  0
250  265  4.02516558741192  1
199  293  4.04970928001809  1
124  301  0.417242774304894  0
66  313  2.18438864194915  0
80  368  5.32598129553895  1
36  395  5.17871913990192  1
195  395  4.1233403578366  1
90  414  5.57141822160065  1
129  423  3.23976742401447  0
171  441  3.92699081698724  0
212  448  3.97607820219958  0
52  459  5.4486997585698  0
211  469  3.8779034317749  0
174  476  3.68155389092554  0
165  491  3.3870295796515  0
52  493  5.52233083638831  0
71  502  5.86594253287469  1
