126  30  2.84706834231575  0
88  59  5.71868037723767  1
164  63  3.3870295796515  0
219  71  3.80427235395639  1
216  95  0.9081166264283  1
153  105  0.539961237335746  1
243  134  4.14788405044277  1
131  135  2.79798095710341  1
50  145  2.08621387152447  1
196  152  1.10446616727766  1
27  170  5.25235021772044  1
137  171  2.20893233455532  0
41  182  1.98803910109979  0
66  195  1.86532063806894  0
139  197  1.22718463030851  0
114  208  1.20264093770234  1
85  209  1.61988371200724  0
206  215  1.27627201552085  1
180  223  1.71805848243192  1
160  225  4.71238898038469  0
191  226  1.47262155637022  1
107  236  1.10446616727766  1
160  236  3.16613634619596  1
227  243  1.15355355249  1
220  254  1.17809724509617  1
81  255  1.22718463030851  0
173  266  2.65071880146639  1
58  270  1.32535940073319  0
233  270  4.27060251347362  1
193  271  1.98803910109979  0
39  277  1.86532063806894  1
200  281  1.66897109721958  1
46  301  1.15355355249  1
62  306  4.24605882086745  0
206  309  2.03712648631213  1
44  313  5.84139884026852  1
95  315  3.75518496874405  1
32  320  5.35052498814512  1
210  321  3.6324665057132  1
237  327  3.85335973916873  0
217  331  3.50974804268235  1
92  342  3.48520435007618  0
241  349  3.33794219443916  0
161  356  3.04341788316511  0
193  390  2.94524311274043  0
136  419  3.04341788316511  1
127  456  3.14159265358979  0
