98  32  2.84706834231575  0
62  60  5.71868037723767  1
136  64  3.33794219443916  0
192  72  3.80427235395639  1
188  94  0.883572933822129  1
125  107  0.490873852123405  1
218  135  4.1233403578366  1
104  138  2.74889357189107  1
24  150  2.03712648631213  1
170  154  1.00629139685298  1
269  162  4.17242774304894  0
113  173  2.25801971976766  0
16  188  1.98803910109979  0
47  199  1.8162332528566  1
57  209  1.54625263418873  1
91  211  1.15355355249  1
183  213  1.22718463030851  1
158  222  1.61988371200724  1
168  222  1.34990309333936  1
139  224  4.61421420996001  0
267  226  4.04970928001809  0
140  238  3.14159265358979  1
85  239  1.03083508945915  1
205  239  1.10446616727766  1
200  254  1.12900985988383  1
60  262  1.07992247467149  0
170  264  1.76714586764426  1
152  265  2.79798095710341  0
214  271  4.22151512826128  1
38  279  1.17809724509617  0
182  282  1.64442740461341  1
19  283  1.8162332528566  1
26  291  1.52170894158256  0
272  301  3.82881604656256  1
180  310  2.67526249407256  0
45  312  4.14788405044277  0
35  313  0.466330159517235  0
79  320  3.70609758353171  1
192  320  3.68155389092554  1
224  324  3.82881604656256  1
201  331  3.48520435007618  1
79  348  3.43611696486384  0
229  349  3.3870295796515  0
146  358  3.04341788316511  0
199  359  2.89615572752809  1
185  394  2.89615572752809  1
125  421  2.94524311274043  1
