136  62  2.67526249407256  0
149  73  6.03774838111788  0
79  87  2.42982556801086  0
188  89  3.09250526837745  0
149  92  6.18501053675491  0
225  108  0.245436926061703  0
206  119  3.19068003880213  0
69  125  5.62050560681299  1
166  128  6.23409792196725  0
124  142  2.60163141625405  0
228  153  0.490873852123405  0
65  158  2.33165079758617  0
99  158  5.71868037723767  0
219  164  3.43611696486384  0
117  168  5.6941366846315  1
191  178  0.343611696486384  1
144  209  2.57708772364788  0
279  230  3.8779034317749  0
65  232  2.03712648631213  0
215  236  0.859029241215959  0
94  239  5.32598129553895  1
250  256  1.03083508945915  0
95  265  5.22780652511427  1
238  278  4.27060251347362  1
254  302  1.27627201552085  0
101  303  5.05600067687107  0
171  309  1.91440802328128  0
177  315  1.71805848243192  0
275  361  1.42353417115788  0
57  365  5.17871913990192  0
134  379  5.10508806208341  0
182  396  2.35619449019234  0
153  413  5.47324345117597  0
168  421  5.47324345117597  0
186  421  5.52233083638831  1
72  422  5.52233083638831  0
95  425  5.64504929941916  0
134  448  5.74322406984384  0
