107  37  2.4789129532232  0
182  44  6.23409792196725  0
219  44  3.19068003880213  0
258  66  0.343611696486384  0
98  73  5.66959299202533  1
236  76  3.33794219443916  0
195  81  0  0
152  93  2.67526249407256  0
91  106  2.38073818279852  0
126  107  5.79231145505618  0
260  112  0.613592315154257  0
145  117  5.81685514766235  1
247  121  3.48520435007618  0
218  133  0.392699081698724  1
169  160  2.65071880146639  0
89  178  2.03712648631213  0
117  182  5.37506868075129  0
240  193  0.95720401164064  0
116  214  5.30143760293278  1
273  215  1.10446616727766  0
261  230  4.31968989868597  0
121  252  5.10508806208341  0
273  260  1.37444678594553  0
192  263  2.01258279370596  0
195  273  1.76714586764426  0
79  317  5.15417544729575  1
150  330  5.17871913990192  0
201  352  2.38073818279852  1
62  353  5.49778714378214  0
166  367  5.52233083638831  0
88  369  5.62050560681299  0
183  374  5.47324345117597  0
110  375  5.66959299202533  0
203  378  5.62050560681299  0
253  390  5.74322406984384  0
149  397  5.86594253287469  0
218  400  5.86594253287469  0
249  416  6.13592315154256  0
127  426  5.98866099590554  1
205  428  6.18501053675491  0
110  459  6.06229207372405  1
