116  73  6.03774838111788  0
127  85  2.79798095710341  0
175  95  0.466330159517235  0
96  99  5.79231145505618  0
160  142  3.19068003880213  0
90  146  5.64504929941916  1
255  159  3.95153450959341  0
54  170  2.11075756413064  0
75  206  5.2032628325081  0
23  214  5.12963175468958  0
188  220  1.17809724509617  0
231  223  1.07992247467149  1
109  231  1.86532063806894  0
150  253  3.73064127613788  0
180  264  1.5707963267949  0
192  265  1.42353417115788  0
85  266  1.8162332528566  1
170  266  1.8162332528566  0
138  279  5.05600067687107  0
128  287  4.90873852123405  1
258  287  4.22151512826128  0
158  289  2.28256341237383  0
192  295  1.5707963267949  0
178  300  1.93895171588745  1
200  307  1.30081570812702  1
136  310  5.39961237335746  1
111  323  4.95782590644639  0
237  323  4.22151512826128  0
132  327  5.52233083638831  0
205  340  4.27060251347362  1
110  349  5.27689391032661  0
158  353  5.66959299202533  1
207  354  3.85335973916873  0
87  355  5.17871913990192  1
247  367  3.77972866135022  0
34  374  5.25235021772044  1
136  376  5.81685514766235  0
59  381  5.32598129553895  0
93  383  5.54687452899448  0
231  385  3.55883542789469  0
74  396  5.4486997585698  0
111  401  5.79231145505618  1
196  401  3.09250526837745  0
43  406  5.47324345117597  0
101  425  5.9395736106932  0
49  430  5.6941366846315  0
102  431  2.7243498792849  0
138  433  5.96411730329937  1
58  441  5.81685514766235  0
127  445  6.08683576633022  0
89  454  5.86594253287469  0
163  460  2.89615572752809  1
