96  83  0.417242774304894  0
167  101  3.85335973916873  0
80  129  3.14159265358979  0
11  135  5.62050560681299  1
176  148  4.00062189480575  0
208  194  1.00629139685298  0
112  208  1.15355355249  0
155  210  1.07992247467149  1
33  218  1.86532063806894  0
70  227  1.5707963267949  0
207  235  4.14788405044277  1
106  250  1.5707963267949  0
117  252  1.37444678594553  0
95  254  1.8162332528566  0
59  272  4.88419482862788  0
182  272  4.17242774304894  0
44  273  1.3989904785517  1
65  274  5.10508806208341  1
85  275  2.20893233455532  0
117  281  1.47262155637022  0
50  284  4.51603943953533  1
104  287  1.88986433067511  1
126  293  1.27627201552085  1
49  299  5.05600067687107  1
62  299  5.35052498814512  1
162  313  4.1233403578366  1
36  314  4.95782590644639  0
59  315  5.49778714378214  0
133  327  4.19697143565511  1
36  339  5.27689391032661  0
86  341  5.62050560681299  1
142  341  3.85335973916873  1
12  345  5.15417544729575  1
175  351  3.70609758353171  0
63  365  5.79231145505618  0
160  371  3.53429173528852  0
199  372  3.6324665057132  0
19  374  5.52233083638831  0
124  387  3.04341788316511  0
39  390  5.74322406984384  1
193  390  3.48520435007618  1
68  421  5.96411730329937  1
166  434  3.19068003880213  0
55  436  5.98866099590554  0
97  448  2.84706834231575  1
125  474  2.89615572752809  0
106  479  6.03774838111788  0
