172  60  3.68155389092554  0
176  99  0.662679700366597  0
166  112  0.785398163397448  0
84  130  3.23976742401447  0
195  141  3.92699081698724  0
118  144  0.662679700366597  0
165  147  3.8779034317749  0
98  167  3.43611696486384  0
170  169  0.9081166264283  0
45  190  2.20893233455532  0
98  217  3.43611696486384  0
79  223  2.15984494934298  1
168  227  1.22718463030851  0
134  236  4.29514620607979  0
154  242  1.34990309333936  1
187  242  1.10446616727766  0
32  244  1.76714586764426  0
84  249  1.22718463030851  1
269  255  0.859029241215959  0
43  257  1.5707963267949  0
135  268  4.27060251347362  1
125  272  3.82881604656256  0
28  279  4.76147636559703  0
189  280  1.17809724509617  0
124  282  3.53429173528852  0
114  289  6.18501053675491  0
169  291  1.71805848243192  0
182  295  1.42353417115788  0
48  297  4.46695205432299  0
78  302  0.785398163397448  0
236  304  4.04970928001809  0
275  312  3.85335973916873  0
209  316  4.14788405044277  0
180  323  2.55254403104171  0
77  325  0.711767085578938  0
166  325  5.2032628325081  0
190  328  3.43611696486384  1
137  329  5.84139884026852  1
270  339  3.48520435007618  0
96  341  3.85335973916873  0
173  342  5.84139884026852  1
256  346  3.3870295796515  1
204  347  2.94524311274043  0
215  376  2.99433049795277  0
84  379  3.6324665057132  0
47  388  3.53429173528852  0
114  390  3.06796157577128  1
195  402  2.87161203492192  1
252  402  2.99433049795277  0
86  426  3.2152237314083  1
155  443  2.77343726449724  1
98  445  2.94524311274043  0
