83  113  2.35619449019234  1
233  124  3.04341788316511  0
153  126  2.42982556801086  0
221  141  2.74889357189107  0
248  141  0.417242774304894  0
256  161  3.3870295796515  0
93  167  5.37506868075129  1
141  172  2.20893233455532  0
204  190  2.18438864194915  0
258  216  3.53429173528852  0
237  222  2.23347602716149  1
46  225  2.0616701789183  0
133  237  1.8162332528566  0
142  244  5.00691329165873  1
190  244  1.8162332528566  0
241  247  1.34990309333936  1
201  256  1.61988371200724  0
116  259  1.86532063806894  1
278  276  4.00062189480575  0
181  278  4.7860200582032  1
129  282  1.71805848243192  0
152  285  1.52170894158256  0
245  285  0.589048622548086  1
278  286  3.6324665057132  0
203  300  4.56512682474767  0
230  304  0.95720401164064  0
143  306  1.5707963267949  1
255  309  0.294524311274043  0
275  315  3.43611696486384  0
225  327  0.834485548609789  0
64  337  2.0616701789183  0
97  344  1.98803910109979  1
241  345  3.97607820219958  0
51  366  5.27689391032661  1
132  367  1.37444678594553  1
164  369  3.97607820219958  1
223  381  3.77972866135022  0
193  385  3.75518496874405  1
115  386  5.74322406984384  1
96  390  5.37506868075129  0
162  391  3.48520435007618  0
250  399  3.23976742401447  1
65  411  5.52233083638831  0
116  411  6.08683576633022  0
162  418  3.19068003880213  0
210  425  3.43611696486384  0
86  431  5.81685514766235  0
183  436  3.14159265358979  0
221  452  3.09250526837745  0
89  460  6.08683576633022  0
139  470  6.13592315154256  0
117  512  6.08683576633022  1
