125  124  2.84706834231575  0
220  145  0.490873852123405  0
68  149  5.59596191420682  1
201  197  0.711767085578938  0
181  200  0.711767085578938  0
81  218  2.0616701789183  0
144  227  0.196349540849362  0
130  251  2.03712648631213  0
252  254  4.14788405044277  0
161  255  1.07992247467149  0
28  261  5.05600067687107  1
150  266  1.66897109721958  0
134  272  1.71805848243192  0
155  275  1.52170894158256  0
237  276  1.17809724509617  0
164  284  1.27627201552085  1
115  304  1.76714586764426  0
245  305  4.31968989868597  1
118  315  1.71805848243192  0
155  319  1.32535940073319  0
130  328  1.5707963267949  1
260  330  1.22718463030851  0
144  331  1.47262155637022  0
77  347  4.85965113602171  0
209  348  4.29514620607979  0
106  351  1.79168956025043  1
160  358  1.10446616727766  0
187  359  4.24605882086745  0
240  365  4.27060251347362  1
84  368  4.95782590644639  0
175  387  4.22151512826128  0
46  390  5.05600067687107  0
90  392  5.05600067687107  0
122  393  1.71805848243192  1
101  398  5.12963175468958  0
167  399  4.14788405044277  0
126  410  1.61988371200724  1
110  412  5.22780652511427  0
86  421  5.54687452899448  0
70  424  5.47324345117597  0
109  424  6.03774838111788  1
227  425  3.8779034317749  1
139  432  3.3870295796515  0
158  435  3.8779034317749  1
52  440  5.9395736106932  0
105  449  0.196349540849362  0
213  453  3.6324665057132  0
61  465  6.23409792196725  1
197  490  3.3870295796515  0
