124  160  2.87161203492192  1
215  176  0.490873852123405  0
61  184  5.54687452899448  1
196  226  0.638136007760427  0
177  230  0.638136007760427  0
77  252  2.0616701789183  0
140  257  0.098174770424681  0
250  278  4.00062189480575  0
129  281  2.03712648631213  0
161  285  1.07992247467149  0
150  297  1.66897109721958  0
23  298  5.08054436947724  1
134  302  1.71805848243192  0
236  302  1.10446616727766  0
155  304  1.47262155637022  0
166  318  1.25172832291468  1
245  330  4.29514620607979  1
116  334  1.76714586764426  0
122  343  1.66897109721958  1
160  344  1.32535940073319  1
131  353  1.47262155637022  1
262  356  1.17809724509617  0
146  359  1.37444678594553  0
212  374  4.22151512826128  0
79  379  4.85965113602171  0
110  380  1.76714586764426  1
165  387  1.10446616727766  0
191  387  4.22151512826128  0
244  391  4.24605882086745  1
88  400  4.90873852123405  0
183  417  4.14788405044277  0
128  421  1.61988371200724  1
96  422  5.00691329165873  0
50  424  5.00691329165873  0
173  427  4.09879666523043  0
108  428  5.05600067687107  0
264  435  3.95153450959341  0
117  442  5.17871913990192  0
92  451  5.57141822160065  0
233  451  3.82881604656256  1
117  454  5.98866099590554  1
75  457  5.47324345117597  0
147  461  3.3870295796515  0
166  463  3.85335973916873  1
113  479  0.147262155637022  0
220  479  3.60792281310703  0
