176  41  3.3870295796515  0
82  43  5.98866099590554  0
115  69  6.23409792196725  0
94  85  2.7243498792849  0
269  102  1.00629139685298  0
282  125  4.04970928001809  1
208  130  3.90244712438107  1
54  132  5.49778714378214  0
32  140  2.23347602716149  0
16  143  5.39961237335746  1
186  149  3.73064127613788  1
153  150  3.23976742401447  0
49  158  2.15984494934298  1
58  166  5.39961237335746  1
59  173  2.13530125673681  0
140  175  0.196349540849362  1
33  177  5.32598129553895  0
204  178  0.93266031903447  0
134  183  2.7243498792849  0
282  202  4.22151512826128  0
98  207  2.11075756413064  1
222  210  4.14788405044277  1
149  224  2.55254403104171  0
203  244  4.22151512826128  0
136  251  5.66959299202533  1
34  274  1.91440802328128  1
110  278  1.8162332528566  0
85  292  1.71805848243192  0
117  312  1.5707963267949  0
66  317  1.64442740461341  1
51  328  1.86532063806894  0
192  337  1.22718463030851  0
78  357  1.47262155637022  0
143  377  4.22151512826128  0
246  377  4.22151512826128  0
185  382  4.09879666523043  1
69  385  1.27627201552085  0
175  385  3.90244712438107  0
209  394  4.14788405044277  0
59  396  1.76714586764426  0
85  404  4.24605882086745  0
122  406  4.02516558741192  1
139  407  3.97607820219958  0
65  411  1.34990309333936  1
182  413  3.41157327225767  1
55  417  4.90873852123405  0
106  423  3.85335973916873  1
231  427  3.75518496874405  1
178  437  0.417242774304894  0
55  445  5.79231145505618  0
127  446  3.55883542789469  0
222  446  3.55883542789469  0
104  451  3.50974804268235  1
254  460  3.33794219443916  0
179  465  3.46066065747001  1
84  471  2.84706834231575  0
120  475  3.04341788316511  0
51  484  5.81685514766235  0
210  485  3.33794219443916  0
162  493  3.2152237314083  1
