136  71  0.343611696486384  0
163  78  3.53429173528852  1
134  95  3.33794219443916  0
37  100  5.89048622548086  0
74  123  6.18501053675491  0
247  124  3.92699081698724  1
54  139  2.7243498792849  0
225  151  0.95720401164064  0
240  176  4.04970928001809  1
12  189  5.47324345117597  0
143  192  3.60792281310703  0
110  200  3.14159265358979  0
12  209  2.18438864194915  1
17  222  5.35052498814512  1
19  228  2.11075756413064  0
162  228  0.9081166264283  0
240  250  4.17242774304894  0
181  253  4.07425297262426  0
60  258  2.11075756413064  1
109  274  2.55254403104171  0
250  286  0.95720401164064  0
162  294  4.17242774304894  0
96  303  5.62050560681299  1
107  322  1.66897109721958  0
72  329  1.76714586764426  0
80  343  1.61988371200724  0
48  346  1.66897109721958  0
142  372  1.25172832291468  1
30  373  1.5707963267949  1
20  382  1.86532063806894  1
43  412  1.42353417115788  0
207  427  4.22151512826128  0
107  429  4.17242774304894  0
147  431  4.04970928001809  1
264  431  3.90244712438107  0
140  437  3.85335973916873  0
36  441  1.22718463030851  0
172  443  4.07425297262426  0
25  450  1.71805848243192  0
52  458  4.22151512826128  0
88  460  4.04970928001809  1
105  460  3.95153450959341  0
145  464  3.41157327225767  1
29  469  1.98803910109979  0
252  472  3.53429173528852  1
21  475  4.90873852123405  0
73  477  3.85335973916873  1
195  477  3.73064127613788  1
143  489  0.392699081698724  0
186  496  3.55883542789469  0
22  500  5.74322406984384  0
93  500  3.60792281310703  0
72  505  3.46066065747001  1
219  509  3.28885480922681  0
146  517  3.41157327225767  1
50  526  2.74889357189107  0
89  529  3.04341788316511  0
179  537  3.33794219443916  0
