106  76  5.98866099590554  0
122  99  2.74889357189107  0
124  124  6.13592315154256  0
94  132  2.30710710498  0
146  145  2.89615572752809  0
85  159  2.03712648631213  0
259  178  4.24605882086745  0
263  182  1.07992247467149  0
225  184  4.22151512826128  1
191  192  3.92699081698724  1
98  203  1.8162332528566  1
146  205  1.86532063806894  1
156  212  0.95720401164064  0
152  214  1.37444678594553  0
145  225  1.3989904785517  1
162  230  1.22718463030851  0
229  267  4.41786466911065  0
251  267  1.17809724509617  0
69  268  1.5707963267949  0
104  289  1.47262155637022  0
118  291  1.27627201552085  1
197  301  4.31968989868597  0
38  303  1.86532063806894  0
155  304  1.12900985988383  1
73  322  1.61988371200724  0
173  328  4.27060251347362  1
258  333  4.29514620607979  0
279  336  4.31968989868597  0
237  365  4.09879666523043  0
179  366  4.17242774304894  1
122  372  4.41786466911065  0
171  388  0.93266031903447  0
79  396  1.37444678594553  0
118  397  1.00629139685298  0
250  397  3.77972866135022  0
270  400  3.70609758353171  0
190  412  4.00062189480575  0
133  420  4.09879666523043  0
225  427  3.68155389092554  0
117  428  4.07425297262426  0
166  428  3.97607820219958  0
245  428  3.60792281310703  0
191  430  0.466330159517235  0
95  433  4.1233403578366  0
223  443  3.48520435007618  0
88  444  3.01887419055894  1
175  452  3.48520435007618  0
201  455  3.55883542789469  0
70  470  6.01320468851171  1
112  476  3.33794219443916  0
216  482  3.04341788316511  1
253  496  3.14159265358979  0
