74  140  2.79798095710341  0
76  165  6.03774838111788  0
46  173  2.28256341237383  0
100  184  2.89615572752809  0
38  200  2.03712648631213  0
211  214  4.24605882086745  0
178  220  4.19697143565511  1
220  220  1.07992247467149  1
141  224  3.80427235395639  1
100  243  1.84077694546277  1
52  244  1.76714586764426  1
108  248  0.859029241215959  0
106  253  1.27627201552085  0
99  262  1.30081570812702  1
256  263  4.24605882086745  0
117  269  1.10446616727766  0
209  296  1.17809724509617  1
242  301  4.31968989868597  0
183  307  4.36877728389831  1
26  311  1.5707963267949  0
66  327  1.44807786376405  1
237  330  4.29514620607979  0
78  333  1.22718463030851  1
115  341  1.05537878206532  1
157  347  4.27060251347362  1
134  365  4.24605882086745  1
32  366  1.5707963267949  0
218  368  4.24605882086745  0
238  371  4.31968989868597  0
199  399  4.04970928001809  0
140  400  4.14788405044277  1
261  409  3.95153450959341  0
85  412  4.36877728389831  0
135  425  0.9081166264283  0
211  431  3.80427235395639  0
231  433  3.70609758353171  0
42  435  1.37444678594553  0
82  436  0.93266031903447  0
255  439  3.65701019831937  0
153  447  4.00062189480575  0
98  458  4.07425297262426  0
130  463  3.97607820219958  0
191  463  3.6324665057132  0
211  463  3.55883542789469  0
83  466  4.00062189480575  0
160  468  0.392699081698724  0
60  474  4.09879666523043  0
191  474  3.3870295796515  1
54  484  3.11704896098362  1
140  489  3.48520435007618  0
169  491  3.53429173528852  0
79  515  3.28885480922681  0
183  518  3.06796157577128  1
221  530  3.09250526837745  0
