171  61  3.53429173528852  0
123  116  0.343611696486384  0
82  168  2.50345664582937  0
136  175  3.58337912050086  0
157  176  1.03083508945915  0
48  191  2.20893233455532  0
192  196  4.22151512826128  1
74  209  1.98803910109979  0
111  224  1.47262155637022  0
162  226  1.42353417115788  1
119  229  1.32535940073319  0
181  233  1.30081570812702  1
105  243  1.42353417115788  0
95  255  1.42353417115788  1
77  258  1.5707963267949  0
33  259  5.00691329165873  1
64  262  1.71805848243192  0
41  263  1.86532063806894  0
135  285  4.56512682474767  1
198  286  1.5707963267949  0
146  289  4.88419482862788  1
117  292  4.36877728389831  0
126  300  4.51603943953533  0
78  302  1.27627201552085  1
132  307  4.85965113602171  0
123  308  3.97607820219958  0
120  319  3.92699081698724  0
105  332  3.82881604656256  0
165  336  2.03712648631213  0
127  349  2.65071880146639  0
47  350  4.95782590644639  0
70  350  0.098174770424681  0
108  350  3.04341788316511  0
235  354  4.81056375080937  0
48  376  5.71868037723767  0
38  392  5.81685514766235  0
214  405  5.42415606596363  0
50  421  6.18501053675491  0
174  430  5.62050560681299  0
223  440  5.74322406984384  0
96  480  5.91502991808703  1
103  504  6.18501053675491  0
212  504  5.9395736106932  0
