171  89  3.53429173528852  0
243  138  1.03083508945915  0
121  145  0.245436926061703  0
80  197  2.50345664582937  0
133  200  3.48520435007618  0
154  201  1.00629139685298  0
47  218  2.23347602716149  0
190  222  4.22151512826128  1
73  237  1.96349540849362  0
110  250  1.42353417115788  0
160  250  1.32535940073319  1
119  254  1.32535940073319  0
180  257  1.30081570812702  1
105  269  1.37444678594553  0
95  282  1.37444678594553  1
77  285  1.52170894158256  0
64  289  1.66897109721958  0
42  291  1.91440802328128  0
136  308  4.51603943953533  1
198  311  1.52170894158256  0
147  313  4.85965113602171  1
117  314  4.36877728389831  0
79  328  1.22718463030851  1
134  331  4.81056375080937  0
121  344  3.95153450959341  0
107  357  3.80427235395639  0
166  362  2.03712648631213  0
129  374  2.65071880146639  0
110  375  2.99433049795277  0
49  378  4.95782590644639  0
237  378  4.81056375080937  0
50  402  5.71868037723767  0
39  420  5.79231145505618  0
216  429  5.42415606596363  0
54  447  6.18501053675491  0
179  452  5.62050560681299  0
226  464  5.71868037723767  0
105  497  5.86594253287469  0
220  526  5.9395736106932  0
