131  69  3.41157327225767  1
97  80  0  0
95  103  2.84706834231575  1
59  135  5.74322406984384  0
175  141  3.6324665057132  0
138  147  3.31339850183298  1
191  162  0.687223392972767  1
45  175  2.23347602716149  0
116  176  0.0490873852123405  0
234  186  3.92699081698724  0
69  189  5.54687452899448  1
168  195  3.6324665057132  1
243  207  0.98174770424681  1
115  216  2.74889357189107  0
183  228  3.80427235395639  0
111  238  6.06229207372405  1
18  239  5.42415606596363  1
252  249  4.14788405044277  1
219  251  1.05537878206532  1
136  252  3.14159265358979  1
78  258  2.20893233455532  0
98  270  5.71868037723767  0
55  285  5.27689391032661  1
201  288  1.27627201552085  0
132  296  1.15355355249  0
94  299  5.52233083638831  1
177  300  1.37444678594553  0
129  307  1.37444678594553  0
119  308  2.08621387152447  1
123  315  1.52170894158256  0
84  322  1.91440802328128  0
109  324  1.8162332528566  0
156  336  1.5707963267949  0
112  352  1.8162332528566  1
22  355  1.8162332528566  0
182  357  1.52170894158256  0
58  360  5.08054436947724  1
123  361  1.79168956025043  1
133  367  1.71805848243192  1
40  375  1.71805848243192  0
196  379  1.44807786376405  1
105  390  4.95782590644639  0
230  398  1.47262155637022  0
81  417  4.98236959905256  1
153  418  1.66897109721958  0
172  419  1.69351478982575  1
158  421  4.76147636559703  0
85  434  5.10508806208341  0
129  437  1.84077694546277  1
245  440  4.56512682474767  0
54  444  4.93328221384022  1
222  444  1.5707963267949  0
37  451  4.61421420996001  0
17  454  1.12900985988383  1
60  454  5.12963175468958  0
50  464  4.90873852123405  0
100  466  2.23347602716149  0
161  471  1.79168956025043  1
189  479  4.81056375080937  0
24  480  4.31968989868597  0
115  480  2.13530125673681  0
48  481  5.32598129553895  0
32  485  4.76147636559703  0
44  498  5.35052498814512  0
110  504  2.20893233455532  1
139  505  5.10508806208341  0
87  509  5.35052498814512  0
42  513  3.14159265358979  0
153  529  5.10508806208341  0
21  532  3.48520435007618  0
