132  80  3.23976742401447  1
102  95  6.18501053675491  0
102  117  2.77343726449724  1
184  146  3.55883542789469  0
69  153  5.64504929941916  0
148  155  3.19068003880213  1
203  164  0.589048622548086  1
135  185  0.0490873852123405  0
254  185  3.8779034317749  1
60  193  2.13530125673681  0
20  198  2.20893233455532  1
183  200  3.55883542789469  1
85  203  5.49778714378214  1
260  205  0.859029241215959  1
131  227  2.60163141625405  0
203  236  3.73064127613788  1
274  246  4.04970928001809  1
131  249  5.9395736106932  1
241  249  1.00629139685298  1
46  258  5.32598129553895  0
158  260  3.04341788316511  1
101  271  2.03712648631213  0
121  284  5.52233083638831  0
227  287  1.17809724509617  0
30  295  1.96349540849362  0
82  302  5.12963175468958  1
204  303  1.22718463030851  0
122  311  5.37506868075129  1
157  317  1.22718463030851  0
147  318  1.93895171588745  1
152  325  1.37444678594553  0
113  332  1.8162332528566  1
140  334  1.66897109721958  0
182  337  1.32535940073319  1
31  356  1.8162332528566  0
217  358  1.47262155637022  0
147  368  1.76714586764426  1
158  370  1.64442740461341  1
168  373  1.54625263418873  1
94  376  4.93328221384022  1
58  377  1.66897109721958  0
233  379  1.34990309333936  1
268  392  1.37444678594553  0
79  393  1.61988371200724  0
144  403  4.85965113602171  0
192  418  1.49716524897639  1
214  419  1.5707963267949  1
201  426  4.66330159517235  0
125  429  4.83510744341554  1
267  442  1.47262155637022  0
175  443  1.74260217503809  1
130  448  4.95782590644639  0
19  453  1.79168956025043  1
102  461  4.76147636559703  1
85  469  4.46695205432299  0
108  469  5.05600067687107  0
211  471  1.69351478982575  1
37  472  1.42353417115788  0
66  474  1.03083508945915  1
150  475  2.0616701789183  0
238  478  4.71238898038469  0
99  482  4.85965113602171  0
166  489  2.03712648631213  0
77  497  4.17242774304894  0
100  497  5.2032628325081  0
85  503  4.61421420996001  0
193  510  4.95782590644639  0
165  512  2.11075756413064  1
98  514  5.25235021772044  0
141  522  5.25235021772044  0
99  530  2.99433049795277  0
210  533  4.95782590644639  0
