241  198  0.466330159517235  1
125  223  5.2032628325081  0
206  233  0  0
268  242  0.98174770424681  1
148  258  1.91440802328128  0
183  274  5.39961237335746  1
199  276  6.08683576633022  1
259  280  1.27627201552085  1
210  287  1.15355355249  1
211  298  1.44807786376405  1
201  300  2.0616701789183  0
44  302  5.00691329165873  0
202  309  1.91440802328128  0
207  326  1.88986433067511  1
280  341  4.88419482862788  1
147  352  4.83510744341554  1
175  357  4.95782590644639  1
282  380  1.61988371200724  0
262  386  1.76714586764426  0
98  392  4.90873852123405  0
200  404  1.96349540849362  0
184  417  5.12963175468958  1
126  418  4.90873852123405  0
221  430  1.86532063806894  0
110  432  4.81056375080937  0
278  436  4.81056375080937  0
131  440  5.10508806208341  0
145  440  5.17871913990192  0
110  447  5.10508806208341  0
57  463  1.71805848243192  0
93  466  5.10508806208341  0
214  468  2.0616701789183  0
149  470  5.4486997585698  0
77  471  5.05600067687107  1
103  471  5.52233083638831  1
67  475  5.25235021772044  1
110  485  5.6941366846315  1
216  485  5.08054436947724  1
192  490  5.32598129553895  0
149  504  5.66959299202533  0
112  521  6.03774838111788  0
151  531  6.08683576633022  0
217  532  5.52233083638831  0
