207  127  0.662679700366597  0
170  166  0.515417544729575  1
52  180  5.32598129553895  0
237  198  4.04970928001809  0
131  200  0  0
193  209  1.00629139685298  1
225  217  1.10446616727766  0
73  221  1.96349540849362  0
107  240  5.4486997585698  1
132  244  0.515417544729575  0
183  246  1.32535940073319  1
132  253  1.07992247467149  1
134  263  1.54625263418873  1
124  264  2.11075756413064  0
123  275  1.91440802328128  0
90  289  1.76714586764426  0
129  291  1.93895171588745  1
201  292  1.42353417115788  1
66  307  4.90873852123405  0
88  310  4.93328221384022  1
96  320  5.00691329165873  1
200  345  1.66897109721958  0
179  346  1.84077694546277  1
230  347  1.5707963267949  0
253  349  1.37444678594553  0
11  355  5.00691329165873  0
126  362  2.03712648631213  1
43  376  5.00691329165873  0
137  386  1.88986433067511  1
99  387  5.2032628325081  1
24  392  4.85965113602171  0
194  397  4.81056375080937  0
62  399  5.25235021772044  0
46  400  5.17871913990192  0
22  408  5.2032628325081  0
215  418  1.61988371200724  0
129  429  2.11075756413064  0
21  430  5.62050560681299  0
61  431  5.54687452899448  0
130  440  5.05600067687107  0
22  443  5.79231145505618  1
105  451  5.42415606596363  0
239  452  1.5707963267949  0
60  462  5.79231145505618  0
206  486  5.25235021772044  0
61  489  6.13592315154256  0
130  491  5.57141822160065  0
217  491  5.49778714378214  1
80  499  2.89615572752809  1
169  499  5.4486997585698  0
100  501  5.74322406984384  0
143  502  5.79231145505618  0
55  509  6.03774838111788  0
185  510  5.71868037723767  0
154  523  3.04341788316511  0
114  537  5.96411730329937  1
