157  69  3.28885480922681  0
236  145  0.859029241215959  0
136  169  0.490873852123405  0
51  195  2.35619449019234  0
103  218  3.01887419055894  1
199  229  1.17809724509617  0
168  237  1.22718463030851  0
38  252  5.2032628325081  0
279  252  1.03083508945915  0
159  260  1.34990309333936  1
60  264  1.91440802328128  0
194  266  1.30081570812702  1
105  276  1.5707963267949  0
100  277  1.8162332528566  0
71  310  1.30081570812702  1
13  313  1.69351478982575  1
129  320  2.33165079758617  1
236  326  1.27627201552085  0
147  332  1.98803910109979  0
210  343  1.52170894158256  0
34  348  1.37444678594553  0
182  360  1.86532063806894  0
105  378  3.14159265358979  1
225  382  1.42353417115788  0
184  401  1.98803910109979  0
79  405  0.196349540849362  0
246  408  1.10446616727766  0
46  417  4.00062189480575  0
102  417  3.14159265358979  0
173  425  5.12963175468958  0
241  439  5.57141822160065  1
219  457  5.52233083638831  0
175  464  5.54687452899448  1
140  488  5.86594253287469  1
139  539  6.08683576633022  0
