176  68  3.43611696486384  0
247  148  0.93266031903447  0
25  156  2.52800033843554  0
145  169  0.539961237335746  0
60  191  2.38073818279852  0
17  198  2.23347602716149  0
110  218  3.04341788316511  1
205  231  1.17809724509617  0
174  238  1.22718463030851  0
45  250  5.2032628325081  0
164  261  1.32535940073319  1
67  263  1.96349540849362  0
199  267  1.30081570812702  1
110  274  1.5707963267949  0
104  278  1.71805848243192  0
19  309  1.66897109721958  1
76  311  1.27627201552085  1
135  320  2.35619449019234  1
241  328  1.27627201552085  0
152  333  2.01258279370596  0
215  344  1.5707963267949  0
39  348  1.37444678594553  0
186  362  1.86532063806894  0
110  378  3.14159265358979  1
230  384  1.42353417115788  0
188  402  1.98803910109979  0
83  405  0.196349540849362  0
252  411  1.10446616727766  0
51  416  4.02516558741192  0
106  417  3.14159265358979  0
177  426  5.17871913990192  0
246  442  5.59596191420682  1
223  460  5.59596191420682  0
179  466  5.54687452899448  1
145  488  5.91502991808703  1
