224  214  1.07992247467149  0
103  253  1.96349540849362  0
149  256  5.74322406984384  1
109  264  2.01258279370596  0
261  269  1.27627201552085  0
58  270  1.91440802328128  0
160  275  2.15984494934298  0
100  276  5.10508806208341  0
167  291  1.5707963267949  0
238  291  1.47262155637022  0
174  298  1.52170894158256  0
160  301  1.71805848243192  0
207  302  1.52170894158256  1
31  324  5.05600067687107  0
124  326  1.54625263418873  1
54  327  5.00691329165873  0
42  330  1.91440802328128  0
89  344  1.71805848243192  1
163  362  5.05600067687107  0
233  363  1.47262155637022  0
176  375  2.0616701789183  0
113  377  1.3989904785517  1
206  387  1.76714586764426  0
154  400  4.29514620607979  0
185  405  2.01258279370596  1
93  407  1.42353417115788  0
42  422  1.8162332528566  0
260  427  1.42353417115788  0
241  436  1.71805848243192  0
79  437  1.34990309333936  1
62  445  1.47262155637022  0
209  446  2.0616701789183  0
115  502  3.85335973916873  0
94  521  3.77972866135022  0
226  527  5.4486997585698  0
