158  145  3.04341788316511  0
265  217  4.24605882086745  0
260  234  0.95720401164064  0
201  253  1.10446616727766  0
80  294  1.96349540849362  0
126  297  5.74322406984384  1
35  302  1.96349540849362  0
238  307  1.32535940073319  0
137  316  2.18438864194915  0
214  328  1.47262155637022  0
144  332  1.5707963267949  0
151  338  1.5707963267949  0
183  342  1.52170894158256  1
137  344  1.76714586764426  0
17  362  1.86532063806894  0
28  367  5.00691329165873  0
102  368  1.5707963267949  1
134  378  4.95782590644639  1
67  388  1.69351478982575  1
133  388  4.51603943953533  1
209  400  1.52170894158256  0
140  403  5.00691329165873  0
92  417  1.3989904785517  1
151  419  2.03712648631213  0
134  422  4.29514620607979  0
139  423  5.25235021772044  0
182  427  1.76714586764426  0
264  436  1.27627201552085  1
162  443  1.96349540849362  1
74  452  1.47262155637022  0
236  464  1.47262155637022  0
217  471  1.66897109721958  0
57  483  1.37444678594553  0
186  484  1.96349540849362  0
41  485  1.47262155637022  0
236  507  1.47262155637022  0
128  523  3.33794219443916  0
