67  90  5.64504929941916  0
241  118  4.09879666523043  0
169  122  3.43611696486384  1
66  127  2.18438864194915  0
93  129  5.62050560681299  1
163  139  3.19068003880213  1
31  140  5.32598129553895  0
107  144  2.28256341237383  0
54  155  5.27689391032661  0
268  161  1.12900985988383  1
252  185  4.24605882086745  1
162  186  3.28885480922681  1
269  191  4.36877728389831  0
161  203  3.11704896098362  1
33  214  1.98803910109979  0
160  216  2.42982556801086  1
114  239  1.8162332528566  0
86  245  1.84077694546277  1
160  251  1.42353417115788  1
212  260  1.22718463030851  0
98  269  1.76714586764426  0
241  286  4.31968989868597  0
226  297  4.31968989868597  0
116  304  1.32535940073319  0
61  307  5.12963175468958  0
90  314  1.88986433067511  1
101  329  1.15355355249  0
83  341  5.10508806208341  0
127  350  4.17242774304894  0
116  361  4.00062189480575  1
224  363  4.09879666523043  0
24  367  5.37506868075129  0
201  368  4.00062189480575  0
70  371  5.49778714378214  0
250  373  4.04970928001809  0
144  378  3.82881604656256  1
178  390  3.85335973916873  1
123  398  3.28885480922681  0
250  404  3.85335973916873  0
35  408  5.52233083638831  0
64  410  5.84139884026852  1
210  410  3.70609758353171  0
239  412  3.70609758353171  0
192  424  3.48520435007618  0
223  430  3.53429173528852  0
131  431  3.14159265358979  0
166  444  3.33794219443916  0
93  466  2.89615572752809  0
114  525  5.74322406984384  1
127  538  5.89048622548086  1
