65  104  5.42415606596363  1
93  119  5.52233083638831  0
264  119  3.90244712438107  1
198  144  3.41157327225767  1
97  152  2.13530125673681  0
122  154  5.54687452899448  1
192  161  3.14159265358979  1
64  167  5.25235021772044  0
137  168  2.20893233455532  0
86  181  5.25235021772044  0
284  199  4.19697143565511  1
194  209  3.31339850183298  1
194  225  3.09250526837745  1
193  239  2.50345664582937  1
69  242  1.96349540849362  0
149  262  1.76714586764426  0
122  270  1.84077694546277  1
194  274  1.34990309333936  1
246  280  1.17809724509617  0
138  291  1.74260217503809  1
277  304  4.24605882086745  0
42  308  5.17871913990192  0
262  317  4.29514620607979  0
154  329  1.32535940073319  0
100  332  5.10508806208341  0
128  340  1.84077694546277  1
140  355  1.07992247467149  0
122  366  5.05600067687107  0
166  373  4.14788405044277  0
262  381  4.00062189480575  0
156  385  3.95153450959341  1
240  389  3.97607820219958  0
63  396  5.37506868075129  0
110  398  5.42415606596363  0
184  401  3.80427235395639  1
218  411  3.77972866135022  1
164  422  3.28885480922681  0
251  430  3.6324665057132  0
78  434  5.47324345117597  0
106  435  5.81685514766235  1
232  445  3.48520435007618  0
176  454  3.09250526837745  0
210  467  3.33794219443916  0
78  474  5.89048622548086  0
136  491  2.84706834231575  0
