150  19  3.09250526837745  0
127  59  6.20955422936108  1
187  65  0.760854470791278  0
129  72  2.84706834231575  0
124  88  6.13592315154256  1
29  102  5.35052498814512  1
93  122  5.64504929941916  0
178  144  1.15355355249  0
47  160  5.05600067687107  0
82  165  5.22780652511427  1
130  174  0.98174770424681  1
163  175  1.27627201552085  1
241  192  1.22718463030851  0
88  208  5.12963175468958  0
181  208  1.30081570812702  1
139  210  4.44240836171682  1
245  221  4.41786466911065  0
176  240  1.52170894158256  0
149  241  1.8162332528566  1
86  243  1.91440802328128  0
118  246  1.91440802328128  1
70  247  1.98803910109979  1
226  258  4.41786466911065  0
22  263  5.10508806208341  0
198  271  1.17809724509617  1
174  275  1.8162332528566  0
54  288  5.17871913990192  0
180  290  1.54625263418873  1
203  292  4.46695205432299  0
168  313  5.17871913990192  0
99  314  5.2032628325081  0
236  321  4.09879666523043  0
131  325  5.35052498814512  0
160  336  5.86594253287469  0
36  341  5.37506868075129  1
133  341  5.52233083638831  0
213  346  3.68155389092554  1
82  351  5.49778714378214  0
65  352  5.47324345117597  0
143  363  5.9395736106932  0
39  368  5.54687452899448  0
169  368  6.25864161457342  1
211  372  3.36248588704533  1
125  378  5.98866099590554  0
96  384  5.59596191420682  1
56  392  5.86594253287469  0
150  430  2.94524311274043  0
57  436  2.35619449019234  0
91  456  2.38073818279852  1
96  464  2.40528187540469  0
105  471  2.11075756413064  1
148  486  5.62050560681299  0
99  492  5.27689391032661  1
84  495  5.6941366846315  1
102  517  6.08683576633022  0
