154  54  3.14159265358979  0
130  91  6.18501053675491  0
189  98  0.736310778185108  0
131  107  2.79798095710341  0
129  122  6.16046684414874  1
34  139  5.27689391032661  1
94  160  5.49778714378214  1
184  179  1.15355355249  0
53  197  5.05600067687107  0
89  201  5.22780652511427  1
170  210  1.27627201552085  1
139  211  1.00629139685298  1
244  225  1.27627201552085  0
132  234  2.15984494934298  0
136  237  1.42353417115788  0
97  242  5.12963175468958  0
187  243  1.32535940073319  1
148  248  4.46695205432299  1
130  249  2.03712648631213  0
133  253  1.76714586764426  0
248  254  4.41786466911065  0
271  259  4.31968989868597  0
182  276  1.47262155637022  0
157  277  1.84077694546277  1
94  279  1.91440802328128  0
127  281  1.91440802328128  1
78  282  1.96349540849362  1
230  292  4.41786466911065  0
27  300  5.12963175468958  0
204  305  1.25172832291468  1
180  314  1.76714586764426  0
62  323  5.17871913990192  0
187  326  1.61988371200724  1
209  328  4.41786466911065  0
191  341  1.52170894158256  1
108  349  5.2032628325081  0
176  349  5.12963175468958  0
240  355  4.09879666523043  0
139  362  5.32598129553895  0
160  373  5.74322406984384  1
43  374  5.35052498814512  0
246  376  3.8779034317749  0
141  378  5.49778714378214  0
219  382  3.68155389092554  1
74  388  5.4486997585698  0
90  388  5.47324345117597  0
247  398  3.68155389092554  0
151  400  5.9395736106932  0
46  405  5.54687452899448  0
176  406  6.23409792196725  1
218  409  3.36248588704533  1
132  415  5.98866099590554  0
103  421  5.62050560681299  1
239  422  3.23976742401447  0
64  429  5.86594253287469  0
158  468  2.94524311274043  0
87  498  2.33165079758617  0
111  510  2.0616701789183  1
154  512  2.18438864194915  0
134  527  5.00691329165873  0
105  530  5.30143760293278  1
92  533  5.66959299202533  1
140  536  5.62050560681299  1
125  539  2.79798095710341  1
