118  68  0.392699081698724  0
205  108  4.09879666523043  0
249  109  1.22718463030851  0
78  119  5.98866099590554  0
163  143  4.00062189480575  0
137  164  3.80427235395639  1
196  177  1.17809724509617  1
211  191  4.29514620607979  0
269  192  1.12900985988383  1
65  197  5.35052498814512  1
166  204  1.22718463030851  0
105  214  0.883572933822129  1
282  230  4.29514620607979  0
101  238  1.37444678594553  0
98  244  1.61988371200724  0
187  249  4.41786466911065  0
121  259  1.22718463030851  0
114  264  1.30081570812702  1
102  267  1.61988371200724  0
52  268  1.74260217503809  1
242  270  4.41786466911065  0
94  280  1.84077694546277  1
184  280  4.34423359129214  1
31  289  4.81056375080937  0
114  291  1.37444678594553  0
104  298  1.71805848243192  0
48  321  5.00691329165873  0
228  321  4.24605882086745  0
106  323  1.96349540849362  0
115  323  1.07992247467149  0
12  326  1.86532063806894  0
203  334  4.17242774304894  0
25  337  5.05600067687107  1
266  342  3.90244712438107  0
82  345  5.12963175468958  0
140  347  4.04970928001809  0
178  349  4.04970928001809  0
86  360  5.32598129553895  0
251  362  3.80427235395639  0
39  368  5.2032628325081  0
183  370  3.85335973916873  0
96  371  5.66959299202533  1
163  374  3.77972866135022  1
150  375  3.60792281310703  0
229  375  3.77972866135022  0
212  385  3.77972866135022  0
41  386  5.35052498814512  0
260  396  3.55883542789469  0
17  404  2.20893233455532  0
173  404  3.50974804268235  1
82  407  5.49778714378214  1
141  411  3.06796157577128  1
203  411  3.53429173528852  1
60  415  5.47324345117597  0
103  425  5.89048622548086  0
190  427  3.28885480922681  0
240  429  3.33794219443916  0
76  457  5.81685514766235  0
232  480  3.06796157577128  1
135  521  2.89615572752809  0
