126  45  2.94524311274043  0
114  54  6.23409792196725  0
196  65  0.441786466911065  1
214  78  3.73064127613788  0
149  92  3.19068003880213  0
67  93  2.60163141625405  0
218  93  0.539961237335746  0
249  105  3.77972866135022  0
152  142  0.343611696486384  0
47  157  5.57141822160065  0
280  175  1.10446616727766  0
238  176  4.00062189480575  0
111  193  5.98866099590554  0
199  216  4.00062189480575  0
15  220  2.08621387152447  0
172  237  3.80427235395639  1
27  247  5.12963175468958  0
231  248  1.17809724509617  1
246  261  4.29514620607979  0
97  267  5.4486997585698  1
200  276  1.22718463030851  0
139  295  1.03083508945915  0
131  310  1.37444678594553  0
127  316  1.66897109721958  0
222  319  4.36877728389831  0
151  329  1.22718463030851  0
144  333  1.37444678594553  1
131  335  1.71805848243192  0
78  337  1.93895171588745  1
122  348  1.93895171588745  1
218  350  4.29514620607979  1
52  355  4.95782590644639  0
144  355  1.34990309333936  1
132  366  1.8162332528566  0
264  376  4.07425297262426  0
68  385  5.12963175468958  0
133  388  2.11075756413064  0
138  388  1.42353417115788  1
50  393  5.12963175468958  0
238  395  4.00062189480575  0
104  408  5.27689391032661  0
210  412  3.95153450959341  0
170  413  3.95153450959341  0
111  422  5.52233083638831  1
125  432  5.98866099590554  0
182  432  3.60792281310703  0
206  432  3.68155389092554  0
173  433  3.43611696486384  0
