57  129  2.52800033843554  0
59  151  5.84139884026852  1
198  167  1.07992247467149  0
86  176  2.77343726449724  1
117  214  3.43611696486384  0
94  237  1.96349540849362  1
118  238  3.16613634619596  1
107  248  1.66897109721958  0
36  251  1.71805848243192  0
121  254  0.9081166264283  1
204  255  1.15355355249  0
160  265  1.27627201552085  0
142  271  4.04970928001809  1
90  274  1.52170894158256  1
11  276  4.85965113602171  0
160  295  4.46695205432299  1
153  296  4.29514620607979  0
53  304  1.52170894158256  0
134  312  0.9081166264283  1
229  315  1.17809724509617  0
157  320  4.14788405044277  1
24  321  1.61988371200724  0
130  331  0.883572933822129  1
68  334  1.47262155637022  0
197  335  1.47262155637022  0
154  340  3.95153450959341  0
110  354  1.20264093770234  1
161  357  3.8779034317749  0
128  358  1.00629139685298  0
170  359  4.44240836171682  1
243  365  4.39332097650448  1
169  377  5.17871913990192  0
106  387  1.07992247467149  0
70  393  1.22718463030851  1
194  396  5.00691329165873  0
192  404  2.99433049795277  0
168  414  0  0
42  415  1.17809724509617  0
64  428  4.31968989868597  0
131  431  4.04970928001809  1
86  433  4.24605882086745  1
50  438  4.17242774304894  1
49  451  3.90244712438107  0
69  451  3.95153450959341  1
225  451  6.03774838111788  0
95  454  4.02516558741192  1
192  458  3.09250526837745  0
144  462  3.60792281310703  0
72  481  3.53429173528852  0
98  494  3.23976742401447  0
