99  97  2.52800033843554  0
106  109  6.03774838111788  0
128  143  2.87161203492192  1
157  183  3.53429173528852  0
133  204  2.01258279370596  1
157  207  3.2152237314083  1
146  215  1.76714586764426  0
74  216  1.8162332528566  0
159  224  0.95720401164064  1
242  231  1.22718463030851  0
193  235  1.30081570812702  1
127  240  1.61988371200724  1
47  241  4.90873852123405  0
178  241  4.1233403578366  1
197  265  4.56512682474767  0
30  266  1.76714586764426  0
188  268  4.31968989868597  0
87  270  1.5707963267949  0
166  281  0.98174770424681  1
57  288  1.71805848243192  0
190  292  4.19697143565511  1
161  299  1.00629139685298  1
99  300  1.52170894158256  0
227  311  1.52170894158256  0
184  313  4.07425297262426  0
193  317  4.39332097650448  1
139  323  1.25172832291468  1
157  327  1.10446616727766  0
190  331  4.00062189480575  0
198  334  4.63875790256618  1
196  346  4.36877728389831  1
204  349  4.85965113602171  0
47  356  4.71238898038469  1
133  356  1.15355355249  0
98  362  1.34990309333936  1
222  368  4.95782590644639  0
250  372  2.11075756413064  0
68  381  1.27627201552085  0
190  387  0.147262155637022  0
88  394  4.46695205432299  0
110  402  4.34423359129214  1
68  403  4.36877728389831  0
154  403  4.14788405044277  1
74  419  3.95153450959341  0
107  420  4.22151512826128  0
95  422  4.00062189480575  1
163  435  3.70609758353171  0
135  438  3.90244712438107  0
96  450  3.55883542789469  0
116  464  3.33794219443916  0
