144  107  3.28885480922681  0
172  116  0.539961237335746  0
132  138  0.147262155637022  0
194  139  3.70609758353171  0
113  152  2.99433049795277  0
244  157  0.9081166264283  0
164  197  3.55883542789469  1
126  202  2.87161203492192  1
64  214  2.33165079758617  0
208  236  1.05537878206532  0
146  251  3.01887419055894  1
221  255  4.24605882086745  1
230  260  1.17809724509617  0
181  261  4.14788405044277  0
85  271  1.91440802328128  0
153  278  1.32535940073319  0
37  280  1.86532063806894  0
150  285  1.47262155637022  0
142  290  1.64442740461341  1
224  313  1.47262155637022  0
250  327  1.37444678594553  0
97  332  1.5707963267949  0
173  347  4.51603943953533  0
168  356  4.19697143565511  1
154  357  0.368155389092554  0
205  361  1.84077694546277  1
135  366  1.00629139685298  1
35  368  1.59534001940107  1
185  374  5.05600067687107  1
127  381  0.95720401164064  1
175  382  5.25235021772044  1
143  386  4.31968989868597  0
74  391  1.32535940073319  0
244  392  1.61988371200724  0
210  407  2.25801971976766  0
120  409  0.859029241215959  0
236  417  1.8162332528566  0
215  449  2.57708772364788  0
83  460  4.09879666523043  0
212  464  2.67526249407256  0
134  467  3.80427235395639  0
191  484  6.03774838111788  0
185  494  3.11704896098362  1
115  515  3.33794219443916  0
