161  187  3.23976742401447  0
193  196  0.490873852123405  0
213  216  3.68155389092554  0
153  217  0.098174770424681  0
131  231  2.94524311274043  0
256  231  3.92699081698724  0
184  271  3.46066065747001  1
148  279  2.87161203492192  1
36  284  5.52233083638831  0
87  290  2.35619449019234  0
46  296  2.23347602716149  0
171  326  3.01887419055894  1
207  330  3.97607820219958  0
109  346  1.91440802328128  0
62  349  1.86532063806894  0
168  349  2.11075756413064  0
172  354  1.91440802328128  0
173  368  1.42353417115788  0
125  400  1.52170894158256  0
208  417  4.36877728389831  0
184  422  0.859029241215959  0
165  431  1.00629139685298  1
162  447  1.03083508945915  0
