145  13  2.69980618667873  1
87  43  5.66959299202533  0
148  71  2.67526249407256  1
253  74  3.60792281310703  1
153  104  6.13592315154256  0
202  121  0.539961237335746  1
30  124  5.30143760293278  1
67  131  5.32598129553895  1
177  157  0.466330159517235  1
250  158  4.00062189480575  0
76  159  5.25235021772044  0
129  177  5.62050560681299  0
267  183  1.17809724509617  0
221  191  1.00629139685298  1
157  192  0.122718463030851  1
54  199  1.76714586764426  1
167  204  2.84706834231575  0
149  211  6.11137945893639  1
54  217  4.93328221384022  1
265  218  4.27060251347362  1
242  226  1.25172832291468  1
150  240  1.76714586764426  1
158  241  1.5707963267949  0
210  250  1.52170894158256  0
32  266  1.91440802328128  0
264  271  1.44807786376405  1
234  272  1.47262155637022  1
262  288  4.63875790256618  1
24  289  5.00691329165873  0
202  292  1.64442740461341  1
186  305  1.71805848243192  0
102  313  5.00691329165873  0
176  320  1.8162332528566  1
226  337  1.59534001940107  1
258  338  1.47262155637022  0
275  338  1.44807786376405  1
51  344  5.15417544729575  1
285  347  1.22718463030851  0
12  354  5.2032628325081  0
133  354  1.96349540849362  1
205  354  1.71805848243192  0
27  363  5.30143760293278  0
53  373  5.35052498814512  0
245  375  1.47262155637022  1
175  379  1.91440802328128  0
68  384  5.47324345117597  1
165  394  4.95782590644639  0
179  394  4.90873852123405  1
102  395  5.42415606596363  0
58  400  5.86594253287469  0
221  410  4.83510744341554  1
150  439  5.49778714378214  0
176  441  5.27689391032661  0
90  444  5.89048622548086  0
237  450  5.2032628325081  0
104  459  5.89048622548086  0
215  465  5.42415606596363  0
199  470  5.42415606596363  0
170  482  5.71868037723767  0
142  484  5.86594253287469  0
225  495  5.86594253287469  0
53  522  6.13592315154256  0
