129  31  2.82252464970958  1
182  33  0.147262155637022  0
69  58  5.71868037723767  0
131  88  2.77343726449724  1
219  89  0.539961237335746  0
233  91  3.60792281310703  0
130  122  6.13592315154256  0
281  135  1.00629139685298  0
179  140  0.539961237335746  1
44  147  5.32598129553895  1
53  174  5.25235021772044  0
153  176  0.515417544729575  1
226  178  4.04970928001809  0
105  194  5.64504929941916  0
242  202  1.17809724509617  0
193  206  1.00629139685298  1
132  211  0.196349540849362  1
31  212  1.91440802328128  1
143  223  3.09250526837745  0
239  237  4.29514620607979  1
108  247  5.37506868075129  1
217  247  1.27627201552085  1
123  258  1.74260217503809  1
131  259  1.5707963267949  0
177  263  1.37444678594553  1
237  291  1.44807786376405  1
207  292  1.44807786376405  1
158  294  1.74260217503809  1
235  305  4.63875790256618  1
175  314  1.69351478982575  1
269  315  1.15355355249  0
67  335  5.08054436947724  1
147  338  1.8162332528566  1
199  356  1.64442740461341  1
23  358  5.15417544729575  1
230  358  1.52170894158256  0
246  358  1.47262155637022  1
256  369  1.22718463030851  0
105  372  2.0616701789183  1
179  372  1.71805848243192  1
25  386  5.37506868075129  0
216  395  1.47262155637022  1
146  396  1.86532063806894  0
38  399  5.54687452899448  1
71  413  5.4486997585698  0
135  413  5.00691329165873  0
148  415  4.98236959905256  1
26  416  5.9395736106932  0
191  430  4.85965113602171  1
119  458  5.52233083638831  0
145  460  5.27689391032661  0
59  461  5.9395736106932  0
208  469  5.17871913990192  0
228  473  5.27689391032661  0
73  476  5.9395736106932  0
184  486  5.42415606596363  0
167  490  5.47324345117597  0
138  501  5.74322406984384  0
108  502  5.98866099590554  0
193  516  5.86594253287469  0
154  530  6.18501053675491  0
175  539  6.23409792196725  0
