140  30  0.196349540849362  0
162  74  3.23976742401447  0
143  112  0.122718463030851  1
147  120  2.84706834231575  0
117  122  2.45436926061703  1
212  136  4.00062189480575  1
131  139  6.03774838111788  0
216  183  1.27627201552085  1
132  187  5.9395736106932  0
140  191  2.35619449019234  0
249  207  4.39332097650448  1
39  216  5.00691329165873  1
157  219  1.17809724509617  0
72  222  1.71805848243192  1
257  224  1.27627201552085  0
12  231  1.96349540849362  0
148  244  1.47262155637022  0
131  269  1.37444678594553  1
175  270  1.64442740461341  1
251  271  1.37444678594553  0
21  273  1.96349540849362  0
213  290  1.52170894158256  0
145  292  4.61421420996001  0
112  303  1.27627201552085  1
151  303  4.83510744341554  1
83  313  1.5707963267949  0
144  314  4.51603943953533  0
187  323  1.69351478982575  1
110  325  1.47262155637022  0
28  330  1.76714586764426  0
166  338  1.91440802328128  0
153  340  4.85965113602171  0
254  344  1.27627201552085  0
132  345  4.46695205432299  1
140  353  4.76147636559703  0
216  359  1.59534001940107  1
98  361  1.3989904785517  1
117  362  1.07992247467149  1
133  364  4.39332097650448  1
176  364  1.8162332528566  0
150  367  4.95782590644639  0
132  381  4.1233403578366  0
161  391  2.0616701789183  1
146  394  5.17871913990192  1
81  399  1.17809724509617  0
126  408  0.0490873852123405  0
119  412  4.09879666523043  1
174  412  2.11075756413064  0
159  414  5.12963175468958  0
145  428  3.14159265358979  0
130  438  6.03774838111788  0
122  444  0.809941856003619  1
196  451  5.12963175468958  0
65  456  4.29514620607979  0
103  458  3.92699081698724  1
164  464  5.47324345117597  0
68  465  0.466330159517235  0
237  471  5.27689391032661  0
203  489  5.62050560681299  0
157  494  2.89615572752809  0
