151  53  0.711767085578938  1
87  55  0.196349540849362  0
142  55  3.6324665057132  0
186  78  3.8779034317749  0
196  99  3.90244712438107  0
109  100  3.23976742401447  0
234  104  0.95720401164064  1
92  143  0.147262155637022  0
208  143  1.00629139685298  0
65  151  2.4789129532232  1
99  153  2.99433049795277  1
159  160  3.92699081698724  1
78  169  5.98866099590554  0
251  181  4.09879666523043  0
164  205  1.17809724509617  1
79  219  5.84139884026852  0
87  222  2.25801971976766  0
200  225  4.31968989868597  1
230  231  4.1233403578366  1
98  235  2.0616701789183  0
108  236  0.95720401164064  0
210  243  1.17809724509617  0
22  247  1.69351478982575  1
100  272  1.42353417115788  0
247  273  0.95720401164064  0
207  286  1.22718463030851  0
240  291  1.05537878206532  1
129  293  1.49716524897639  1
266  302  4.14788405044277  0
85  305  1.20264093770234  1
171  312  1.42353417115788  0
99  318  4.51603943953533  0
67  329  1.22718463030851  1
108  329  4.71238898038469  1
39  337  1.52170894158256  0
101  338  4.36877728389831  0
146  343  1.61988371200724  1
69  346  1.32535940073319  1
217  358  1.22718463030851  0
126  359  1.86532063806894  0
254  360  1.10446616727766  1
112  363  4.85965113602171  0
93  364  4.41786466911065  0
179  374  1.49716524897639  1
100  375  4.66330159517235  0
57  384  1.27627201552085  1
138  384  1.76714586764426  0
78  386  0.93266031903447  1
94  387  4.22151512826128  1
110  391  4.95782590644639  0
125  411  2.03712648631213  1
110  415  5.10508806208341  1
42  420  1.10446616727766  0
145  427  1.98803910109979  1
92  429  6.23409792196725  0
126  431  5.05600067687107  0
77  433  4.07425297262426  0
22  435  1.17809724509617  1
111  448  3.09250526837745  0
34  455  4.22151512826128  0
93  457  6.23409792196725  0
165  468  5.10508806208341  0
38  473  0.760854470791278  1
29  474  4.17242774304894  0
83  479  3.6324665057132  0
128  481  5.47324345117597  1
207  485  5.25235021772044  0
73  487  3.55883542789469  1
31  490  3.80427235395639  1
175  504  5.59596191420682  0
126  512  2.89615572752809  0
180  533  5.89048622548086  0
