185  135  3.19068003880213  0
143  147  6.08683576633022  0
206  151  3.48520435007618  0
107  155  5.81685514766235  0
164  163  0.196349540849362  0
140  186  2.89615572752809  0
204  202  0.711767085578938  1
96  214  5.79231145505618  0
191  228  3.65701019831937  0
154  229  0.343611696486384  0
150  238  3.14159265358979  1
143  250  0.171805848243192  1
64  259  2.38073818279852  0
120  259  2.67526249407256  0
254  263  4.00062189480575  0
114  275  6.03774838111788  0
58  284  5.47324345117597  0
114  296  2.57708772364788  0
198  298  1.07992247467149  0
28  302  2.30710710498  0
166  304  0.93266031903447  0
129  309  0.245436926061703  1
184  339  4.24605882086745  1
131  345  1.34990309333936  1
62  347  1.91440802328128  1
122  347  2.18438864194915  0
152  348  1.27627201552085  0
227  349  4.17242774304894  0
121  357  1.98803910109979  0
217  359  1.10446616727766  0
250  363  1.03083508945915  0
185  374  1.37444678594553  1
274  382  0.834485548609789  1
60  391  1.71805848243192  0
93  397  1.79168956025043  1
64  412  4.90873852123405  1
40  431  1.79168956025043  1
204  440  1.37444678594553  0
162  446  1.47262155637022  1
237  453  1.15355355249  1
130  462  4.63875790256618  1
139  475  4.71238898038469  0
148  477  1.5707963267949  1
98  479  1.17809724509617  0
77  481  1.42353417115788  0
199  482  1.47262155637022  1
89  489  1.22718463030851  0
137  494  4.46695205432299  0
130  495  4.14788405044277  1
145  517  4.66330159517235  0
