149  58  2.74889357189107  0
107  92  5.66959299202533  0
178  94  0.196349540849362  0
211  96  3.53429173528852  0
167  113  2.99433049795277  0
176  118  0.343611696486384  0
146  131  2.7243498792849  0
189  134  3.46066065747001  1
80  136  2.30710710498  0
141  146  5.98866099590554  0
76  159  5.47324345117597  0
138  167  2.60163141625405  0
107  171  5.64504929941916  0
228  172  1.10446616727766  0
98  173  2.20893233455532  1
194  176  0.98174770424681  0
156  178  0.343611696486384  1
47  182  2.18438864194915  0
20  206  2.23347602716149  1
210  212  4.29514620607979  1
85  215  2.01258279370596  1
148  215  2.30710710498  0
155  215  1.34990309333936  1
177  219  1.32535940073319  0
145  226  2.03712648631213  0
253  226  4.27060251347362  0
242  235  1.32535940073319  0
269  241  1.17809724509617  0
210  246  1.3989904785517  1
83  257  1.76714586764426  0
116  262  1.84077694546277  1
86  277  4.95782590644639  1
11  283  1.91440802328128  0
61  298  1.79168956025043  1
173  313  1.8162332528566  1
184  314  1.76714586764426  1
216  315  1.5707963267949  0
152  332  4.63875790256618  1
243  339  1.47262155637022  1
31  342  1.61988371200724  1
94  342  1.5707963267949  1
119  345  1.37444678594553  0
158  345  4.81056375080937  0
165  345  1.8162332528566  1
133  346  1.25172832291468  1
111  349  1.47262155637022  1
204  364  1.79168956025043  1
145  366  4.51603943953533  1
151  369  4.76147636559703  0
163  372  4.95782590644639  1
249  390  1.61988371200724  0
81  391  1.37444678594553  0
144  391  4.5405831321415  1
150  393  4.95782590644639  0
139  406  4.68784528777852  1
132  409  4.29514620607979  0
220  413  1.74260217503809  1
239  414  4.76147636559703  0
84  419  1.27627201552085  0
116  425  4.22151512826128  0
159  428  1.84077694546277  1
117  434  0.760854470791278  1
138  437  3.92699081698724  0
168  440  5.00691329165873  0
115  448  4.09879666523043  0
181  451  5.17871913990192  0
39  465  4.24605882086745  0
70  478  4.1233403578366  1
91  478  4.09879666523043  0
168  479  5.62050560681299  1
209  485  5.4486997585698  1
149  496  0.0245436926061703  1
185  501  5.91502991808703  1
63  513  3.68155389092554  0
97  513  3.68155389092554  0
109  540  3.48520435007618  1
