170  145  2.99433049795277  0
115  149  5.9395736106932  0
210  154  3.23976742401447  0
121  180  2.67526249407256  0
30  200  2.38073818279852  0
258  207  0.466330159517235  0
82  209  5.59596191420682  1
188  211  0.147262155637022  0
122  212  2.60163141625405  0
102  224  5.74322406984384  0
193  246  0.147262155637022  0
82  248  2.50345664582937  1
182  251  0.466330159517235  1
101  254  5.62050560681299  0
192  261  0.441786466911065  1
179  266  3.60792281310703  1
213  272  0.662679700366597  0
196  274  0.736310778185108  0
164  280  3.09250526837745  0
234  281  3.77972866135022  0
157  285  2.74889357189107  0
155  292  2.52800033843554  1
165  298  2.45436926061703  1
207  310  1.07992247467149  1
134  311  5.64504929941916  0
173  319  2.20893233455532  1
165  330  2.65071880146639  0
219  332  0.95720401164064  0
186  338  1.5707963267949  1
211  342  1.17809724509617  0
41  344  5.37506868075129  1
90  345  5.49778714378214  1
144  345  5.84139884026852  1
169  345  3.19068003880213  0
182  354  4.61421420996001  1
139  361  5.98866099590554  1
119  370  2.42982556801086  0
101  374  5.62050560681299  1
149  376  2.50345664582937  0
156  377  1.5707963267949  0
170  385  1.37444678594553  0
237  388  1.12900985988383  1
137  401  2.23347602716149  1
209  404  1.00629139685298  0
188  406  1.27627201552085  0
169  408  1.66897109721958  0
227  408  4.17242774304894  0
153  419  1.98803910109979  1
173  423  1.37444678594553  0
167  436  1.59534001940107  1
103  453  5.35052498814512  0
85  455  2.13530125673681  0
91  456  5.15417544729575  1
177  467  3.97607820219958  1
103  477  5.49778714378214  0
122  479  5.71868037723767  0
142  493  6.13592315154256  0
