177  77  0.245436926061703  0
70  106  2.38073818279852  1
180  110  0.245436926061703  1
87  114  5.71868037723767  0
166  120  0.417242774304894  1
186  130  0.539961237335746  0
155  131  3.3870295796515  0
135  132  0.294524311274043  0
155  143  3.58337912050086  1
180  143  0.834485548609789  0
198  143  0.785398163397448  0
144  146  3.09250526837745  0
138  151  2.79798095710341  0
217  154  3.90244712438107  0
173  157  1.00629139685298  0
146  165  2.55254403104171  1
112  176  5.74322406984384  0
172  180  1.74260217503809  1
187  180  1.17809724509617  1
180  181  1.52170894158256  0
255  184  1.17809724509617  0
156  190  5.00691329165873  0
155  200  3.68155389092554  0
190  200  1.20264093770234  1
164  202  1.66897109721958  1
119  210  5.98866099590554  1
144  211  3.19068003880213  0
268  211  4.41786466911065  1
71  215  5.27689391032661  1
181  215  1.34990309333936  1
154  221  4.24605882086745  0
114  226  6.03774838111788  1
30  235  5.15417544729575  1
79  250  5.27689391032661  1
87  250  2.03712648631213  0
142  254  1.61988371200724  0
269  255  1.42353417115788  0
126  271  1.8162332528566  1
198  276  1.44807786376405  1
100  277  2.03712648631213  0
149  281  1.47262155637022  1
136  290  1.71805848243192  0
173  296  1.37444678594553  0
90  297  5.17871913990192  0
189  299  4.49149574692916  1
120  308  1.93895171588745  1
137  316  1.47262155637022  0
130  332  1.64442740461341  1
254  340  4.51603943953533  0
74  341  5.12963175468958  0
119  342  2.11075756413064  1
273  357  4.41786466911065  0
105  361  5.30143760293278  0
128  364  1.25172832291468  1
138  371  4.09879666523043  1
239  380  4.31968989868597  0
17  381  5.54687452899448  0
135  383  3.31339850183298  1
168  386  4.22151512826128  1
64  387  5.30143760293278  1
121  387  0.098174770424681  1
86  388  5.4486997585698  0
156  394  4.04970928001809  0
214  397  4.24605882086745  1
144  409  3.58337912050086  0
64  410  5.71868037723767  0
100  410  5.9395736106932  1
201  418  4.07425297262426  0
248  418  4.07425297262426  0
170  424  3.8779034317749  0
231  426  4.00062189480575  1
90  428  6.08683576633022  1
189  429  3.97607820219958  1
42  436  5.86594253287469  0
164  447  3.60792281310703  0
84  448  0  0
220  452  3.77972866135022  0
41  462  5.98866099590554  0
164  462  3.43611696486384  0
125  465  3.23976742401447  1
115  474  0.196349540849362  0
207  502  3.65701019831937  0
