174  20  2.74889357189107  0
64  34  2.28256341237383  1
74  37  5.52233083638831  0
135  44  5.71868037723767  1
218  45  3.09250526837745  0
161  55  5.81685514766235  1
244  62  0.245436926061703  0
30  75  5.35052498814512  1
70  85  2.20893233455532  0
226  85  3.09250526837745  0
193  94  6.03774838111788  1
244  94  0.490873852123405  1
188  129  5.9395736106932  1
115  140  5.30143760293278  1
197  143  6.11137945893639  1
227  143  3.31339850183298  1
138  157  2.13530125673681  1
153  159  2.15984494934298  1
191  164  5.98866099590554  1
114  170  2.01258279370596  1
153  185  2.03712648631213  1
31  192  5.08054436947724  1
163  195  2.01258279370596  1
178  198  2.01258279370596  1
187  201  5.89048622548086  0
114  207  5.05600067687107  1
236  216  1.20264093770234  1
212  219  1.47262155637022  1
120  230  5.00691329165873  1
218  231  1.52170894158256  1
208  233  1.8162332528566  1
147  236  5.0314569842649  1
191  238  1.84077694546277  1
130  241  5.08054436947724  1
245  246  4.49149574692916  1
156  258  4.98236959905256  1
272  262  1.66897109721958  1
241  273  1.96349540849362  1
179  275  5.0314569842649  1
192  278  5.15417544729575  1
204  288  5.17871913990192  1
51  292  4.95782590644639  1
223  309  5.22780652511427  1
157  337  5.42415606596363  1
129  343  5.25235021772044  0
105  348  5.2032628325081  0
173  372  5.59596191420682  0
79  378  5.32598129553895  0
116  378  5.57141822160065  0
116  399  5.79231145505618  0
158  400  5.86594253287469  0
54  411  5.52233083638831  0
271  420  5.64504929941916  0
242  424  5.81685514766235  0
103  425  5.98866099590554  0
75  426  5.76776776245001  1
156  426  6.03774838111788  1
244  463  6.13592315154256  0
53  465  5.9395736106932  0
121  471  0.098174770424681  0
132  483  3.28885480922681  0
156  502  0.147262155637022  0
