99  69  2.74889357189107  0
58  94  5.71868037723767  1
143  97  3.09250526837745  0
81  108  5.81685514766235  1
167  114  0.245436926061703  0
148  137  3.04341788316511  0
115  147  6.03774838111788  1
166  147  0.392699081698724  1
251  147  0.785398163397448  0
112  182  5.9395736106932  1
36  194  5.32598129553895  1
151  196  3.31339850183298  1
121  197  6.06229207372405  1
75  213  2.15984494934298  1
57  215  2.11075756413064  1
115  217  6.01320468851171  1
87  220  2.15984494934298  1
234  221  1.07992247467149  0
37  223  2.08621387152447  1
102  225  2.25801971976766  1
104  246  2.0616701789183  1
165  252  1.00629139685298  1
237  253  4.27060251347362  1
37  255  5.08054436947724  1
152  257  0.98174770424681  1
253  262  1.12900985988383  1
127  270  2.11075756413064  1
43  281  4.98236959905256  1
154  283  1.3989904785517  1
233  284  1.27627201552085  1
195  298  1.49716524897639  1
90  323  4.98236959905256  1
48  325  4.85965113602171  1
61  325  4.95782590644639  1
224  328  1.5707963267949  1
249  329  1.30081570812702  1
102  330  5.0314569842649  1
113  337  5.2032628325081  1
69  342  5.05600067687107  1
124  346  5.27689391032661  1
166  357  5.15417544729575  1
132  358  5.32598129553895  1
147  361  5.25235021772044  1
284  376  1.27627201552085  0
275  378  1.52170894158256  1
85  385  5.42415606596363  1
61  388  5.17871913990192  0
39  393  5.12963175468958  0
12  424  5.35052498814512  0
50  425  5.52233083638831  0
105  425  5.57141822160065  1
97  444  5.81685514766235  0
53  445  5.74322406984384  0
257  445  5.17871913990192  0
215  453  5.54687452899448  0
188  461  5.64504929941916  0
44  470  5.9395736106932  0
96  470  6.03774838111788  1
195  497  6.03774838111788  0
66  514  0.098174770424681  0
225  514  5.98866099590554  0
78  524  3.23976742401447  0
196  538  0  0
106  542  0.0490873852123405  0
