172  143  3.33794219443916  0
104  157  0  0
166  160  0.343611696486384  0
216  166  0.785398163397448  0
91  196  2.79798095710341  0
46  200  2.57708772364788  0
142  201  3.23976742401447  0
134  214  0.245436926061703  0
222  216  3.8779034317749  1
48  229  5.71868037723767  0
121  262  2.89615572752809  0
229  270  1.15355355249  0
42  290  2.03712648631213  0
119  311  2.20893233455532  1
30  319  5.22780652511427  1
127  320  1.05537878206532  0
123  321  1.27627201552085  0
249  323  4.29514620607979  1
119  326  1.5707963267949  0
92  343  1.91440802328128  0
113  345  1.66897109721958  0
156  346  1.15355355249  0
220  349  1.17809724509617  1
125  351  1.5707963267949  0
132  354  1.32535940073319  1
150  360  1.22718463030851  0
47  365  1.96349540849362  0
97  368  1.86532063806894  0
182  369  1.15355355249  1
199  388  4.36877728389831  0
174  391  4.36877728389831  0
140  395  1.42353417115788  0
125  396  1.61988371200724  1
110  400  1.86532063806894  0
83  408  5.10508806208341  0
264  410  4.31968989868597  0
24  411  2.08621387152447  0
207  413  1.27627201552085  0
136  428  1.52170894158256  1
204  433  4.44240836171682  1
224  436  4.39332097650448  1
26  437  5.17871913990192  0
44  449  5.25235021772044  0
120  449  1.98803910109979  0
65  452  2.20893233455532  1
138  463  1.32535940073319  0
126  467  2.20893233455532  0
132  474  1.79168956025043  1
114  476  5.17871913990192  0
54  477  5.37506868075129  1
201  477  1.07992247467149  1
237  489  4.22151512826128  0
136  493  3.77972866135022  1
264  496  4.07425297262426  0
209  499  4.1233403578366  1
157  503  3.85335973916873  1
189  506  4.00062189480575  1
75  508  5.64504929941916  0
115  511  6.08683576633022  1
144  511  3.36248588704533  1
172  518  3.65701019831937  1
194  521  3.77972866135022  0
231  522  3.75518496874405  1
87  528  5.71868037723767  0
205  532  3.53429173528852  0
177  533  3.33794219443916  1
