140  111  0.294524311274043  0
189  114  0.711767085578938  0
66  151  2.74889357189107  0
24  154  2.52800033843554  0
112  160  3.04341788316511  0
199  163  3.82881604656256  1
113  165  0.245436926061703  0
25  185  5.64504929941916  0
99  214  2.84706834231575  0
210  217  1.10446616727766  0
22  243  1.98803910109979  0
100  263  2.18438864194915  1
232  266  4.19697143565511  1
104  270  1.22718463030851  0
110  272  1.03083508945915  0
101  277  1.52170894158256  0
96  295  1.61988371200724  0
205  295  1.12900985988383  1
74  296  1.91440802328128  0
140  296  1.07992247467149  0
108  300  1.52170894158256  0
115  304  1.22718463030851  1
134  308  1.15355355249  0
31  315  1.98803910109979  0
81  316  1.86532063806894  0
167  316  1.07992247467149  1
185  333  4.29514620607979  0
160  338  4.31968989868597  0
111  344  1.61988371200724  1
126  344  1.37444678594553  0
95  349  1.86532063806894  0
253  353  4.27060251347362  0
193  357  1.17809724509617  0
67  358  5.10508806208341  0
122  374  1.49716524897639  1
193  379  4.34423359129214  1
214  380  4.31968989868597  1
12  388  5.10508806208341  0
107  396  1.96349540849362  0
29  398  5.25235021772044  0
51  400  2.18438864194915  1
126  411  1.32535940073319  0
114  414  2.23347602716149  0
102  422  5.12963175468958  0
190  422  1.00629139685298  1
18  424  5.32598129553895  0
41  425  5.32598129553895  1
227  433  4.22151512826128  0
124  439  3.80427235395639  1
256  439  4.00062189480575  0
198  443  4.1233403578366  1
145  449  3.80427235395639  1
179  451  3.92699081698724  1
62  455  5.64504929941916  0
103  457  6.08683576633022  1
132  457  3.31339850183298  1
161  463  3.58337912050086  1
183  466  3.77972866135022  0
221  466  3.73064127613788  1
74  474  5.71868037723767  0
166  478  3.33794219443916  1
196  482  3.50974804268235  1
181  492  3.14159265358979  1
160  521  3.04341788316511  0
