157  81  0.662679700366597  0
154  113  3.53429173528852  0
157  116  0.785398163397448  0
62  128  5.62050560681299  0
41  132  2.18438864194915  0
67  143  2.28256341237383  0
131  145  3.28885480922681  0
144  153  1.00629139685298  0
210  153  1.17809724509617  0
114  178  0.809941856003619  0
100  182  0.564504929941916  0
96  184  2.38073818279852  0
227  188  1.22718463030851  0
38  195  5.27689391032661  0
166  195  1.30081570812702  1
112  216  1.17809724509617  0
232  216  4.51603943953533  1
100  217  1.30081570812702  1
89  226  2.23347602716149  0
42  234  1.86532063806894  0
63  235  5.32598129553895  0
229  247  1.34990309333936  1
107  249  1.47262155637022  0
37  253  5.05600067687107  1
91  257  1.52170894158256  0
77  260  1.86532063806894  1
85  262  1.66897109721958  0
217  273  4.56512682474767  0
160  281  1.5707963267949  0
188  308  1.34990309333936  1
107  320  1.74260217503809  1
130  320  1.71805848243192  0
241  329  1.32535940073319  0
236  332  4.36877728389831  0
151  337  1.66897109721958  0
235  341  1.15355355249  0
182  358  1.5707963267949  0
154  370  4.81056375080937  0
189  370  1.42353417115788  1
157  375  1.8162332528566  0
157  397  4.95782590644639  0
202  403  1.76714586764426  0
64  407  2.20893233455532  0
70  408  5.10508806208341  0
123  424  5.32598129553895  0
229  426  3.60792281310703  1
202  427  6.18501053675491  0
164  433  5.42415606596363  0
141  438  5.4486997585698  0
170  459  5.71868037723767  0
124  460  5.84139884026852  1
225  494  6.18501053675491  0
126  505  6.08683576633022  0
