129  72  3.19068003880213  0
150  73  3.53429173528852  0
139  77  0.638136007760427  0
62  88  5.64504929941916  0
173  94  1.03083508945915  0
53  104  2.13530125673681  0
144  113  1.00629139685298  0
212  119  1.17809724509617  0
113  133  0.9081166264283  0
93  141  0.245436926061703  1
164  153  1.32535940073319  1
229  154  1.22718463030851  0
38  155  5.25235021772044  0
84  157  6.13592315154256  0
89  163  1.96349540849362  0
76  165  2.13530125673681  0
108  169  1.22718463030851  0
235  183  4.46695205432299  1
61  187  5.32598129553895  0
67  188  2.0616701789183  0
93  190  1.30081570812702  1
86  210  1.5707963267949  0
72  214  1.88986433067511  1
80  215  1.71805848243192  0
230  219  1.42353417115788  0
156  237  1.5707963267949  0
218  238  4.56512682474767  0
98  250  1.71805848243192  0
45  265  4.95782590644639  0
186  267  1.30081570812702  1
127  270  1.66897109721958  1
101  272  1.76714586764426  1
146  291  1.66897109721958  0
89  293  4.95782590644639  0
34  294  2.03712648631213  0
52  295  5.05600067687107  0
246  308  4.34423359129214  1
237  309  1.15355355249  0
44  311  1.96349540849362  0
179  315  1.5707963267949  0
149  326  4.81056375080937  0
187  329  1.42353417115788  1
152  330  1.86532063806894  0
239  338  1.00629139685298  1
151  353  5.00691329165873  0
200  363  1.8162332528566  0
158  391  5.47324345117597  0
198  391  6.18501053675491  0
226  391  3.70609758353171  1
135  393  5.4486997585698  0
118  409  5.86594253287469  0
163  419  5.79231145505618  0
215  460  0  0
188  500  3.19068003880213  1
