161  63  6.13592315154256  0
134  75  2.67526249407256  1
121  110  5.84139884026852  1
90  111  2.38073818279852  0
145  132  2.89615572752809  0
51  156  5.4486997585698  1
193  193  0.711767085578938  0
220  195  3.80427235395639  0
170  197  3.36248588704533  1
111  204  5.74322406984384  0
125  224  5.96411730329937  1
205  234  1.15355355249  0
152  243  0.760854470791278  1
272  253  4.29514620607979  1
222  261  1.27627201552085  0
88  264  5.35052498814512  1
130  265  0.343611696486384  0
131  284  0.95720401164064  1
107  285  2.01258279370596  1
122  291  2.11075756413064  0
13  306  1.91440802328128  1
133  309  1.66897109721958  0
96  312  5.00691329165873  1
107  312  5.17871913990192  1
236  326  4.56512682474767  0
196  337  1.69351478982575  1
21  338  4.95782590644639  0
57  341  1.76714586764426  0
239  345  1.42353417115788  0
213  348  1.44807786376405  1
95  354  4.90873852123405  0
152  354  1.76714586764426  1
115  358  2.03712648631213  1
33  365  1.8162332528566  0
244  375  4.56512682474767  0
86  379  4.90873852123405  0
118  380  1.98803910109979  1
80  395  5.0314569842649  1
187  405  1.5707963267949  1
127  406  1.96349540849362  1
172  411  1.71805848243192  0
69  422  4.95782590644639  1
139  428  1.91440802328128  1
148  429  1.76714586764426  1
56  439  4.66330159517235  0
84  440  5.27689391032661  1
243  448  1.52170894158256  0
39  467  3.92699081698724  1
115  475  2.38073818279852  1
213  477  1.76714586764426  1
157  479  5.00691329165873  0
68  497  2.99433049795277  1
168  501  1.98803910109979  0
116  503  5.27689391032661  0
146  528  5.2032628325081  0
166  529  5.17871913990192  1
