143  32  5.91502991808703  1
170  54  2.84706834231575  0
75  79  5.39961237335746  1
220  115  0.785398163397448  0
198  119  3.43611696486384  1
248  122  3.92699081698724  0
140  123  5.79231145505618  0
154  143  5.96411730329937  1
231  159  1.22718463030851  0
181  164  0.859029241215959  1
160  182  0.613592315154257  0
115  184  5.35052498814512  1
246  189  1.37444678594553  0
134  203  2.0616701789183  1
165  204  1.27627201552085  0
158  207  1.59534001940107  1
148  212  2.13530125673681  0
34  231  1.96349540849362  1
130  235  5.2032628325081  1
118  236  5.10508806208341  1
254  253  4.61421420996001  0
41  262  5.00691329165873  0
78  262  1.8162332528566  0
214  268  1.76714586764426  1
256  276  1.52170894158256  0
115  278  4.95782590644639  0
231  278  1.5707963267949  1
170  280  1.8162332528566  1
133  282  2.01258279370596  1
52  289  1.86532063806894  0
29  290  1.91440802328128  0
103  303  5.00691329165873  0
258  303  4.61421420996001  0
135  304  1.98803910109979  1
97  319  5.08054436947724  1
143  332  2.01258279370596  1
202  333  1.66897109721958  1
187  340  1.76714586764426  0
85  345  5.00691329165873  1
154  354  1.96349540849362  1
163  354  1.79168956025043  1
77  357  4.76147636559703  0
87  359  5.2032628325081  0
71  363  4.71238898038469  0
99  365  5.30143760293278  1
66  374  4.56512682474767  0
73  376  5.12963175468958  0
254  378  1.5707963267949  0
72  379  5.57141822160065  0
107  384  5.35052498814512  0
128  401  2.40528187540469  1
170  406  5.00691329165873  0
223  409  1.8162332528566  1
78  420  3.23976742401447  0
180  431  2.0616701789183  0
127  439  5.35052498814512  1
88  442  5.62050560681299  0
90  448  5.76776776245001  0
157  458  5.2032628325081  0
180  459  5.2032628325081  0
216  470  5.17871913990192  0
144  480  5.66959299202533  1
186  487  5.64504929941916  0
196  488  5.86594253287469  0
164  492  5.74322406984384  0
128  493  6.18501053675491  0
195  505  6.18501053675491  0
111  511  0.098174770424681  0
72  520  0.0736310778185108  1
