95  63  2.52800033843554  0
64  114  5.47324345117597  0
224  144  0.809941856003619  0
199  145  0.662679700366597  0
151  155  6.18501053675491  0
184  155  3.23976742401447  0
227  170  3.92699081698724  0
170  171  0.343611696486384  0
94  181  5.49778714378214  0
252  184  1.03083508945915  0
28  185  5.25235021772044  0
63  204  2.11075756413064  0
229  215  1.17809724509617  0
187  235  1.10446616727766  1
124  241  5.57141822160065  0
101  252  5.25235021772044  0
143  256  2.35619449019234  0
263  269  1.17809724509617  0
92  270  2.0616701789183  0
162  273  1.34990309333936  1
145  280  1.76714586764426  0
128  281  1.96349540849362  0
222  282  1.47262155637022  1
178  296  4.61421420996001  0
133  307  1.96349540849362  0
143  312  1.86532063806894  0
213  312  1.91440802328128  0
69  313  5.17871913990192  0
156  314  1.76714586764426  0
181  314  5.00691329165873  0
115  318  5.00691329165873  0
233  318  1.61988371200724  0
255  320  1.27627201552085  0
183  323  5.17871913990192  0
122  335  5.10508806208341  0
238  339  1.71805848243192  0
83  340  2.03712648631213  0
132  342  5.10508806208341  0
222  344  2.18438864194915  1
175  353  5.30143760293278  1
46  361  5.35052498814512  0
51  365  2.23347602716149  0
254  370  4.27060251347362  0
23  371  2.38073818279852  0
152  375  5.25235021772044  0
268  375  4.17242774304894  0
224  379  5.54687452899448  1
59  383  5.25235021772044  0
251  384  2.94524311274043  0
187  385  5.57141822160065  0
26  393  5.49778714378214  0
211  394  5.6941366846315  1
77  400  5.4486997585698  0
128  406  5.49778714378214  0
104  407  5.47324345117597  0
171  425  5.79231145505618  0
200  431  5.98866099590554  0
147  436  5.84139884026852  1
45  438  5.81685514766235  0
103  443  5.76776776245001  1
74  444  5.81685514766235  0
121  456  5.98866099590554  0
54  459  6.13592315154256  1
153  460  6.11137945893639  1
196  463  0.0490873852123405  1
117  476  6.23409792196725  0
215  483  3.16613634619596  1
190  497  0.0490873852123405  0
