92  88  2.38073818279852  0
113  94  5.74322406984384  0
82  119  2.35619449019234  0
152  145  6.13592315154256  0
174  159  0.392699081698724  0
99  169  5.49778714378214  0
64  203  2.03712648631213  0
234  208  1.15355355249  0
192  221  1.10446616727766  1
127  226  5.52233083638831  0
146  239  2.25801971976766  0
104  241  5.17871913990192  0
167  256  1.34990309333936  1
96  259  1.98803910109979  0
150  263  1.71805848243192  0
133  265  1.91440802328128  0
236  278  1.47262155637022  0
185  283  4.56512682474767  0
140  290  1.91440802328128  0
163  298  1.71805848243192  0
188  299  4.95782590644639  0
149  300  1.86532063806894  0
122  304  4.95782590644639  0
222  304  1.96349540849362  0
76  307  5.10508806208341  0
190  310  5.17871913990192  0
243  312  1.5707963267949  0
130  321  5.00691329165873  0
94  328  1.96349540849362  0
140  329  5.05600067687107  0
209  333  2.13530125673681  1
250  333  1.71805848243192  0
183  343  5.27689391032661  1
163  362  5.17871913990192  0
266  362  4.29514620607979  0
33  375  2.23347602716149  0
199  375  5.57141822160065  0
72  376  5.17871913990192  0
266  379  3.09250526837745  0
230  386  5.9395736106932  0
41  392  5.35052498814512  0
88  394  5.37506868075129  0
141  395  5.4486997585698  0
118  396  5.37506868075129  0
185  416  5.81685514766235  0
214  423  6.03774838111788  0
162  430  5.74322406984384  1
63  435  5.66959299202533  0
89  438  5.79231145505618  0
125  438  5.74322406984384  0
138  451  5.9395736106932  0
170  455  6.03774838111788  1
213  457  0.0736310778185108  1
71  458  6.01320468851171  1
133  472  6.23409792196725  0
208  493  0.0490873852123405  0
