168  137  3.92699081698724  0
80  147  5.98866099590554  0
62  150  5.64504929941916  0
104  150  0.392699081698724  0
91  152  2.60163141625405  0
174  153  1.00629139685298  0
67  154  2.13530125673681  0
197  161  1.15355355249  0
49  165  1.91440802328128  0
222  166  1.00629139685298  0
244  169  4.14788405044277  0
121  171  3.33794219443916  0
94  177  6.23409792196725  0
122  187  3.28885480922681  0
196  209  4.29514620607979  0
153  215  4.14788405044277  0
227  229  4.31968989868597  0
98  231  6.03774838111788  0
111  233  2.23347602716149  0
138  238  3.8779034317749  1
38  245  1.71805848243192  0
129  245  1.00629139685298  0
125  257  1.52170894158256  0
129  257  1.27627201552085  0
153  290  1.27627201552085  0
133  302  1.37444678594553  0
115  315  1.37444678594553  0
255  315  4.14788405044277  0
81  335  1.32535940073319  0
147  343  1.22718463030851  0
40  351  1.17809724509617  0
46  354  4.51603943953533  0
129  362  4.31968989868597  0
259  363  3.95153450959341  0
121  368  1.07992247467149  0
147  376  4.36877728389831  0
76  383  4.19697143565511  0
172  383  4.22151512826128  0
144  395  4.17242774304894  0
122  397  4.17242774304894  0
57  401  4.02516558741192  1
111  401  4.09879666523043  0
235  408  3.80427235395639  0
215  412  3.75518496874405  0
138  421  3.92699081698724  0
93  422  3.90244712438107  0
175  429  3.75518496874405  0
55  431  3.65701019831937  1
84  435  3.75518496874405  0
157  436  3.55883542789469  0
112  457  3.55883542789469  0
186  473  3.33794219443916  0
113  486  3.23976742401447  0
