85  127  5.89048622548086  0
109  127  0.245436926061703  0
95  130  2.45436926061703  0
72  135  2.03712648631213  0
206  135  1.10446616727766  1
228  140  0.95720401164064  0
128  147  3.33794219443916  0
104  153  6.23409792196725  0
130  161  3.23976742401447  0
204  183  4.29514620607979  0
162  188  4.09879666523043  0
237  203  4.24605882086745  0
103  210  5.47324345117597  1
151  214  3.90244712438107  1
125  216  1.8162332528566  0
132  222  1.71805848243192  0
56  225  1.71805848243192  1
141  231  1.17809724509617  0
138  233  1.47262155637022  0
168  264  1.22718463030851  0
135  276  1.42353417115788  0
148  276  1.27627201552085  0
271  290  4.09879666523043  0
18  296  1.76714586764426  0
99  314  1.27627201552085  0
161  318  1.12900985988383  1
39  323  1.52170894158256  0
60  336  1.10446616727766  0
66  339  4.41786466911065  0
167  350  4.29514620607979  0
38  357  0.93266031903447  0
192  357  4.17242774304894  0
48  363  4.31968989868597  0
97  364  4.17242774304894  0
165  370  4.14788405044277  0
144  374  4.14788405044277  0
77  376  4.04970928001809  0
133  379  4.07425297262426  0
237  385  3.75518496874405  0
41  397  3.09250526837745  0
164  399  3.80427235395639  0
116  401  3.80427235395639  0
200  412  3.80427235395639  1
138  435  3.43611696486384  0
214  448  3.28885480922681  0
141  465  3.14159265358979  0
