35  132  2.40528187540469  0
129  142  3.48520435007618  0
39  145  5.74322406984384  0
198  177  1.03083508945915  0
110  181  3.28885480922681  0
170  186  0.98174770424681  1
145  189  0.93266031903447  1
66  194  5.9395736106932  0
118  199  0.859029241215959  0
90  222  0.662679700366597  0
27  252  5.12963175468958  0
176  264  4.34423359129214  1
137  269  1.37444678594553  0
89  272  1.32535940073319  0
68  275  1.79168956025043  1
78  287  1.69351478982575  1
175  292  1.27627201552085  1
16  301  1.66897109721958  0
148  304  1.42353417115788  0
24  307  1.5707963267949  0
33  310  1.5707963267949  0
111  318  1.71805848243192  1
141  330  1.52170894158256  0
32  332  4.63875790256618  1
157  335  4.49149574692916  1
127  340  1.61988371200724  1
39  342  1.17809724509617  0
53  344  4.41786466911065  0
62  351  5.49778714378214  0
173  351  1.37444678594553  0
93  352  2.0616701789183  1
29  366  1.25172832291468  1
14  371  1.52170894158256  1
50  380  0.490873852123405  1
72  382  3.19068003880213  0
104  386  2.03712648631213  1
141  389  1.66897109721958  0
42  390  0.95720401164064  1
160  392  1.42353417115788  0
32  419  0.9081166264283  0
103  419  2.28256341237383  1
188  420  1.47262155637022  0
200  422  1.22718463030851  0
131  430  1.98803910109979  0
40  445  4.00062189480575  1
103  448  5.30143760293278  0
79  453  5.84139884026852  0
139  456  5.10508806208341  1
120  465  5.27689391032661  0
143  466  5.37506868075129  0
172  468  5.27689391032661  1
84  480  6.23409792196725  0
163  485  5.9395736106932  0
57  489  3.43611696486384  0
119  497  5.9395736106932  0
