121  153  5.37506868075129  1
73  176  5.2032628325081  1
157  178  2.33165079758617  0
164  190  5.64504929941916  0
61  207  2.0616701789183  0
241  221  3.3870295796515  1
40  237  5.17871913990192  1
131  237  2.03712648631213  0
195  240  5.86594253287469  0
245  241  0.785398163397448  0
220  268  0.589048622548086  0
156  296  5.17871913990192  0
203  299  1.42353417115788  0
207  300  1.22718463030851  0
195  305  1.79168956025043  1
218  313  1.32535940073319  0
197  319  1.8162332528566  1
206  328  1.64442740461341  1
143  340  1.76714586764426  0
109  345  1.8162332528566  0
61  347  1.91440802328128  0
159  348  1.5707963267949  0
150  350  1.5707963267949  0
186  359  4.81056375080937  0
189  366  5.12963175468958  1
233  366  1.8162332528566  0
54  367  5.05600067687107  0
180  370  4.66330159517235  0
158  378  4.66330159517235  1
164  382  1.27627201552085  0
178  386  4.46695205432299  0
184  387  5.37506868075129  0
217  394  2.20893233455532  1
178  400  6.13592315154256  0
151  402  1.34990309333936  1
134  406  1.59534001940107  1
96  407  1.8162332528566  0
172  418  0.417242774304894  1
195  419  3.14159265358979  0
162  426  0.98174770424681  1
148  451  0.95720401164064  0
150  479  4.09879666523043  0
