80  66  3.04341788316511  0
110  73  0.392699081698724  0
191  88  0.760854470791278  0
43  95  5.89048622548086  0
238  129  3.85335973916873  0
233  147  0.859029241215959  0
162  167  4.00062189480575  0
228  168  1.03083508945915  0
108  169  3.3870295796515  0
80  187  2.33165079758617  0
155  200  4.09879666523043  0
124  209  3.75518496874405  1
210  220  1.15355355249  0
104  232  0.834485548609789  0
97  234  1.71805848243192  0
104  242  1.15355355249  0
88  246  1.76714586764426  0
101  250  1.42353417115788  0
47  252  5.00691329165873  0
195  258  4.22151512826128  0
83  272  1.69351478982575  1
126  273  1.07992247467149  0
111  274  1.10446616727766  0
198  275  4.07425297262426  0
100  276  1.37444678594553  0
18  279  5.10508806208341  0
225  295  4.29514620607979  0
249  297  4.09879666523043  0
99  298  1.27627201552085  0
49  304  5.2032628325081  0
129  305  4.14788405044277  0
203  305  3.8779034317749  0
96  316  2.23347602716149  0
222  316  3.95153450959341  0
181  327  3.65701019831937  1
116  331  3.50974804268235  1
146  331  3.70609758353171  1
195  341  3.43611696486384  0
96  345  6.13592315154256  0
125  351  3.14159265358979  0
58  353  5.64504929941916  0
33  354  5.57141822160065  0
161  354  3.3870295796515  0
185  354  3.3870295796515  0
36  370  5.9395736106932  0
77  370  5.89048622548086  0
135  376  3.09250526837745  0
104  383  6.11137945893639  1
180  386  2.99433049795277  0
27  394  5.9395736106932  0
121  401  2.89615572752809  0
125  405  6.03774838111788  0
171  412  2.84706834231575  0
100  413  2.74889357189107  0
52  421  2.82252464970958  1
87  428  5.89048622548086  0
179  428  6.03774838111788  0
57  430  5.89048622548086  0
109  433  6.08683576633022  1
127  455  2.99433049795277  0
