97  87  2.99433049795277  0
130  92  0.294524311274043  0
209  101  0.736310778185108  0
61  119  5.81685514766235  0
258  142  3.85335973916873  0
33  143  2.30710710498  0
162  156  0.809941856003619  0
255  161  0.859029241215959  0
250  182  1.00629139685298  0
187  184  4.00062189480575  0
131  186  3.28885480922681  0
107  205  2.33165079758617  0
181  215  4.07425297262426  0
150  225  3.70609758353171  1
235  235  1.17809724509617  0
114  264  1.76714586764426  0
220  272  4.24605882086745  0
69  276  5.05600067687107  0
150  285  1.10446616727766  0
109  290  1.74260217503809  1
224  291  4.09879666523043  0
138  292  1.15355355249  0
125  293  1.42353417115788  0
40  302  5.12963175468958  0
249  311  4.27060251347362  0
124  317  1.32535940073319  0
224  319  3.97607820219958  0
154  323  4.17242774304894  0
73  324  5.2032628325081  0
120  334  2.20893233455532  0
204  343  3.68155389092554  1
140  350  3.50974804268235  1
172  350  3.65701019831937  1
36  360  5.37506868075129  0
120  363  6.18501053675491  0
149  370  3.14159265358979  0
207  372  3.3870295796515  0
183  373  3.43611696486384  0
81  374  5.62050560681299  0
57  375  5.57141822160065  0
59  392  5.89048622548086  0
98  392  5.84139884026852  0
158  396  3.14159265358979  0
127  398  6.18501053675491  0
202  405  2.99433049795277  0
50  416  5.9395736106932  0
143  420  2.84706834231575  0
148  425  6.03774838111788  0
193  432  2.84706834231575  0
121  434  2.74889357189107  0
74  442  2.84706834231575  1
202  447  5.98866099590554  0
111  448  5.84139884026852  0
81  451  5.89048622548086  0
136  457  6.13592315154256  0
147  475  2.99433049795277  0
