51  131  5.54687452899448  1
98  143  5.76776776245001  1
168  143  0.147262155637022  0
95  178  5.79231145505618  1
36  184  5.49778714378214  0
214  187  3.73064127613788  1
177  219  0.687223392972767  1
130  234  6.25864161457342  1
193  258  1.10446616727766  0
103  264  5.66959299202533  1
145  284  1.03083508945915  1
20  287  5.17871913990192  0
236  292  1.12900985988383  1
38  301  5.32598129553895  0
140  304  3.60792281310703  1
92  308  5.66959299202533  0
198  317  1.47262155637022  1
122  332  1.71805848243192  0
163  333  1.64442740461341  1
130  346  4.68784528777852  1
183  359  1.71805848243192  1
138  382  5.12963175468958  1
209  399  1.47262155637022  0
201  404  1.64442740461341  1
63  413  5.49778714378214  0
199  458  5.32598129553895  0
76  460  5.81685514766235  1
135  464  5.64504929941916  0
178  465  5.54687452899448  0
103  480  6.03774838111788  0
141  486  5.9395736106932  0
46  501  6.11137945893639  1
153  509  0  0
79  514  6.23409792196725  1
101  535  3.09250526837745  0
