163  206  3.09250526837745  1
231  208  0.638136007760427  1
143  220  6.25864161457342  1
81  231  5.6941366846315  1
219  243  0.736310778185108  0
199  262  3.73064127613788  1
82  265  5.66959299202533  1
170  297  0.711767085578938  0
121  310  6.08683576633022  1
187  331  1.07992247467149  0
101  351  5.4486997585698  0
142  356  0.95720401164064  1
228  361  1.07992247467149  1
136  380  3.09250526837745  0
142  390  1.37444678594553  0
137  391  3.19068003880213  0
196  391  1.30081570812702  1
155  396  4.31968989868597  1
109  397  5.47324345117597  1
40  400  5.2032628325081  0
126  405  1.8162332528566  0
121  407  1.98803910109979  0
129  411  1.5707963267949  0
166  411  1.3989904785517  1
156  412  1.52170894158256  1
138  420  4.44240836171682  1
188  437  1.49716524897639  1
152  460  4.90873852123405  1
251  463  0.98174770424681  1
219  470  1.27627201552085  0
212  477  1.42353417115788  1
86  508  5.27689391032661  0
221  533  5.12963175468958  0
198  541  5.35052498814512  1
