149  170  3.48520435007618  1
74  175  2.50345664582937  1
138  176  0.441786466911065  1
84  185  5.91502991808703  1
214  193  3.80427235395639  0
108  199  2.82252464970958  1
199  208  0.809941856003619  0
178  222  0.93266031903447  0
177  248  1.10446616727766  1
163  270  1.47262155637022  0
123  271  1.47262155637022  0
194  277  1.20264093770234  1
116  283  1.27627201552085  1
185  292  1.42353417115788  0
123  295  4.44240836171682  1
224  298  1.22718463030851  0
82  299  1.37444678594553  0
117  304  4.61421420996001  0
149  306  1.84077694546277  1
69  311  1.47262155637022  0
57  312  1.52170894158256  0
114  315  4.36877728389831  0
178  320  1.66897109721958  0
207  320  1.37444678594553  0
162  321  1.8162332528566  0
121  324  4.76147636559703  0
190  336  1.59534001940107  1
99  354  0.711767085578938  1
204  358  1.61988371200724  0
228  371  1.32535940073319  0
93  374  0.95720401164064  0
82  378  1.10446616727766  0
138  385  2.67526249407256  1
213  388  1.66897109721958  0
224  404  1.03083508945915  0
99  406  4.14788405044277  0
140  406  2.4789129532232  0
241  423  4.00062189480575  1
233  434  3.23976742401447  1
185  439  5.32598129553895  0
147  448  5.54687452899448  0
74  451  3.77972866135022  0
108  455  3.3870295796515  0
113  456  6.03774838111788  0
192  460  5.62050560681299  1
170  464  5.64504929941916  0
164  480  5.9395736106932  0
196  480  5.9395736106932  1
101  485  3.14159265358979  0
