170  120  3.46066065747001  1
101  122  2.60163141625405  1
160  127  0.441786466911065  1
104  135  5.89048622548086  1
128  148  2.82252464970958  1
236  148  3.8779034317749  0
220  160  0.834485548609789  0
197  171  0.93266031903447  0
61  193  2.0616701789183  0
196  196  1.20264093770234  1
133  206  1.98803910109979  0
142  207  1.17809724509617  0
181  211  1.37444678594553  1
136  213  1.5707963267949  0
141  217  1.52170894158256  0
212  227  1.25172832291468  1
55  228  1.86532063806894  1
202  239  1.47262155637022  0
133  242  4.76147636559703  1
100  246  1.42353417115788  0
241  249  1.22718463030851  0
165  254  1.86532063806894  1
145  255  4.95782590644639  0
77  257  1.61988371200724  0
88  258  1.47262155637022  0
56  259  1.76714586764426  0
153  264  2.30710710498  0
48  265  5.00691329165873  0
194  267  1.66897109721958  0
143  268  5.30143760293278  0
177  268  1.8162332528566  0
137  269  4.81056375080937  0
224  269  1.37444678594553  0
203  288  1.66897109721958  0
55  302  1.47262155637022  0
116  302  0.662679700366597  1
219  305  1.61988371200724  0
244  322  1.32535940073319  0
110  323  0.9081166264283  0
99  326  1.10446616727766  0
147  332  3.14159265358979  0
229  336  1.76714586764426  0
155  351  2.42982556801086  0
114  352  4.17242774304894  0
239  353  1.07992247467149  0
198  386  5.35052498814512  0
162  393  5.52233083638831  0
90  398  3.82881604656256  0
68  400  3.85335973916873  0
203  407  5.6941366846315  1
183  410  5.66959299202533  0
177  426  5.98866099590554  0
209  427  6.01320468851171  1
118  431  3.14159265358979  0
87  452  3.06796157577128  1
102  458  6.13592315154256  0
