91  105  2.50345664582937  1
104  120  5.79231145505618  1
174  139  3.28885480922681  0
142  148  6.18501053675491  1
67  149  5.52233083638831  0
90  149  2.42982556801086  1
198  165  0.809941856003619  0
125  169  2.60163141625405  0
105  181  5.62050560681299  1
213  194  1.00629139685298  1
78  202  2.18438864194915  0
151  208  0.319068003880213  1
122  210  5.64504929941916  1
178  210  1.03083508945915  1
124  221  2.33165079758617  1
144  221  0.392699081698724  1
157  231  3.36248588704533  1
201  238  1.32535940073319  1
98  250  5.37506868075129  1
138  250  1.96349540849362  0
47  259  2.11075756413064  1
138  260  1.66897109721958  0
201  264  4.56512682474767  1
182  266  1.5707963267949  0
153  268  1.61988371200724  1
217  278  1.52170894158256  1
125  284  2.08621387152447  1
115  286  4.95782590644639  0
88  293  5.15417544729575  1
129  300  2.08621387152447  1
105  316  5.30143760293278  1
181  318  1.8162332528566  0
205  336  1.74260217503809  1
107  337  5.25235021772044  1
136  341  2.11075756413064  1
149  351  1.91440802328128  1
118  352  1.96349540849362  1
224  357  1.52170894158256  0
117  363  5.08054436947724  1
37  387  5.57141822160065  0
213  389  1.61988371200724  0
145  391  2.01258279370596  1
61  418  5.71868037723767  0
184  427  2.0616701789183  0
127  438  5.32598129553895  0
66  448  5.98866099590554  0
170  451  5.25235021772044  0
92  455  5.81685514766235  0
112  462  5.74322406984384  0
190  462  5.32598129553895  0
49  472  0  0
125  475  5.71868037723767  1
155  478  5.74322406984384  0
102  488  6.08683576633022  0
67  490  3.28885480922681  0
107  512  0.0490873852123405  0
