71  94  5.74322406984384  1
218  110  0.760854470791278  0
144  112  3.26431111662064  1
110  120  6.06229207372405  1
53  129  2.30710710498  1
164  132  0.662679700366597  0
184  166  0.95720401164064  0
50  172  2.11075756413064  1
150  178  1.00629139685298  1
92  184  5.57141822160065  1
116  193  0.245436926061703  1
128  200  3.2152237314083  1
175  203  1.27627201552085  1
243  215  1.27627201552085  0
114  222  2.23347602716149  0
161  230  1.49716524897639  1
178  230  4.44240836171682  1
114  231  2.03712648631213  0
114  240  1.71805848243192  0
193  241  1.3989904785517  1
20  243  1.98803910109979  1
102  258  2.03712648631213  1
66  265  5.12963175468958  1
107  273  2.03712648631213  1
161  284  1.76714586764426  0
85  290  5.17871913990192  1
186  299  1.66897109721958  1
118  308  2.01258279370596  1
86  311  5.25235021772044  1
132  318  1.88986433067511  1
206  323  1.47262155637022  0
197  351  1.5707963267949  0
130  359  1.96349540849362  1
23  366  5.42415606596363  0
205  380  1.54625263418873  1
48  391  5.62050560681299  0
170  391  1.96349540849362  0
216  399  1.71805848243192  0
115  405  5.27689391032661  0
158  417  5.2032628325081  0
204  417  4.95782590644639  0
51  422  5.89048622548086  0
178  426  5.27689391032661  0
103  430  5.64504929941916  0
72  434  5.79231145505618  1
116  438  5.62050560681299  0
183  443  5.74322406984384  1
144  445  5.66959299202533  0
41  448  6.13592315154256  0
165  455  5.89048622548086  1
91  460  5.98866099590554  0
60  464  3.14159265358979  0
181  469  6.23409792196725  0
144  481  6.08683576633022  0
