184  94  3.43611696486384  1
190  172  0.564504929941916  1
219  175  3.68155389092554  0
173  181  3.33794219443916  1
273  196  1.00629139685298  0
201  209  0.687223392972767  1
105  216  2.08621387152447  1
264  227  1.07992247467149  0
164  231  2.7243498792849  0
247  231  4.04970928001809  1
127  259  1.86532063806894  0
65  274  1.8162332528566  0
172  275  1.03083508945915  0
163  280  1.44807786376405  1
211  281  1.27627201552085  1
168  290  1.15355355249  1
212  302  4.41786466911065  1
72  306  1.86532063806894  0
181  324  4.36877728389831  1
139  334  1.27627201552085  1
78  338  1.5707963267949  0
252  338  4.22151512826128  0
214  347  0.834485548609789  0
55  366  1.61988371200724  0
116  368  1.22718463030851  0
249  379  3.92699081698724  1
165  396  3.85335973916873  1
241  403  3.80427235395639  1
242  422  3.43611696486384  0
125  432  3.92699081698724  0
215  448  3.43611696486384  1
195  461  3.28885480922681  0
235  465  3.2152237314083  1
123  483  3.55883542789469  0
138  502  0.294524311274043  0
