152  145  3.55883542789469  1
226  169  0.785398163397448  1
150  218  0.638136007760427  1
134  226  3.43611696486384  1
181  226  3.77972866135022  0
61  253  2.23347602716149  1
230  253  1.03083508945915  0
162  254  0.809941856003619  0
116  271  2.74889357189107  0
79  294  1.96349540849362  0
235  314  4.22151512826128  0
160  325  1.32535940073319  1
116  328  1.22718463030851  1
240  341  1.15355355249  1
159  342  4.46695205432299  1
215  356  1.15355355249  0
130  365  4.31968989868597  1
87  367  1.3989904785517  1
230  379  4.24605882086745  1
163  391  0.9081166264283  0
201  394  4.22151512826128  1
62  404  1.22718463030851  0
189  423  4.00062189480575  0
110  433  3.92699081698724  1
244  442  4.07425297262426  0
185  448  3.95153450959341  1
225  458  3.95153450959341  0
183  469  3.6324665057132  0
70  474  3.92699081698724  0
156  495  3.58337912050086  1
206  501  3.53429173528852  0
137  509  3.3870295796515  0
173  516  3.33794219443916  1
204  530  3.14159265358979  0
